203987299434897409,111307215,179,130,"Sun May 20 02:15:36 EEST 2012",0,0,1,0,0,0,0,0,0,0.0,0.0,0.0,0.0,0,0,0,0,0,12,44,0,0,0,0,0
206592641444491264,339338585,260,511,"Sun May 27 06:48:18 EEST 2012",0,0,0,0,0,0,0,0,0,0.0,0.0,0.0,0.0,0,0,0,0,0,2,11,0,0,1,0,1
204046002695581696,66965817,208,166,"Sun May 20 06:08:52 EEST 2012",1,0,0,1,1,0,1,0,0,0.09090909090909091,0.09090909090909091,0.0,0.09090909090909091,0,0,0,0,0,1,43,0,0,0,0,-1
205114577082523649,418177017,446,530,"Wed May 23 04:55:00 EEST 2012",0,0,0,0,0,0,0,0,0,0.0,0.0,0.0,0.0,0,0,0,1,0,1,20,0,0,0,0,0
202511281784225795,103275973,109,218,"Wed May 16 00:30:26 EEST 2012",0,0,0,0,2,0,0,0,0,0.0,0.125,0.0,0.0,0,0,0,0,1,5,72,0,0,0,0,-1
202720984501993473,439945613,65,247,"Wed May 16 14:23:43 EEST 2012",0,0,0,1,0,1,0,0,0,0.07692307692307693,0.0,0.07692307692307693,0.0,0,2,7,0,1,2,38,0,0,0,0,1
206928664028389376,459815368,16,156,"Mon May 28 05:03:32 EEST 2012",0,0,0,0,0,0,0,1,0,0.0,0.0,0.0,0.0,0,0,1,0,0,2,23,1,0,0,0,1
204253683645554688,460764494,226,171,"Sun May 20 19:54:07 EEST 2012",0,0,0,0,0,0,0,0,0,0.0,0.0,0.0,0.0,0,0,0,0,0,1,25,0,0,0,0,1
206015593579692033,230629288,939,1019,"Fri May 25 16:35:19 EEST 2012",12,0,0,0,0,0,0,0,0,0.0,0.0,0.0,0.0,2,0,0,0,2,10,37,0,0,0,0,0
202521847236009984,381518817,1024,799,"Wed May 16 01:12:25 EEST 2012",0,0,0,0,1,0,0,0,0,0.0,0.16666666666666666,0.0,0.0,0,0,0,0,0,6,22,1,0,0,0,1
206015224434798592,356547599,210,289,"Fri May 25 16:33:51 EEST 2012",0,0,0,0,0,0,0,0,0,0.0,0.0,0.0,0.0,0,0,0,0,0,5,35,0,0,0,0,-1
203948653050736640,178787896,254,755,"Sat May 19 23:42:02 EEST 2012",0,0,0,0,0,2,0,0,0,0.0,0.0,0.25,0.0,0,0,0,0,0,1,34,0,0,0,0,1
206473947133386754,383971309,98,177,"Sat May 26 22:56:39 EEST 2012",0,0,0,0,1,1,0,0,0,0.0,0.1111111111111111,0.1111111111111111,0.0,0,0,0,0,0,1,44,0,0,0,0,0
204360638309470208,292050307,546,481,"Mon May 21 02:59:07 EEST 2012",0,0,0,0,0,0,0,0,0,0.0,0.0,0.0,0.0,1,0,0,0,1,1,38,0,0,0,0,0
205791437000949761,159403324,174,258,"Fri May 25 01:44:36 EEST 2012",0,0,0,0,0,0,0,0,0,0.0,0.0,0.0,0.0,0,2,0,0,0,0,32,0,0,0,0,-1
202548842133078016,42037626,516,391,"Wed May 16 02:59:41 EEST 2012",2,0,0,0,0,0,0,0,0,0.0,0.0,0.0,0.0,0,0,1,0,0,6,0,0,0,0,0,-1
205265769611792384,14230524,32146354,136863,"Wed May 23 14:55:47 EEST 2012",12100,0,0,1,0,0,0,1,0,0.041666666666666664,0.0,0.0,0.0,0,0,0,0,1,6,106,0,0,0,0,0
204421804071194625,188745613,184,18,"Mon May 21 07:02:10 EEST 2012",0,0,1,0,0,0,0,0,0,0.0,0.0,0.0,0.0,0,0,0,0,0,15,60,0,0,0,0,0
205747678213193728,115494377,662,199,"Thu May 24 22:50:43 EEST 2012",0,0,0,0,0,0,0,0,0,0.0,0.0,0.0,0.0,1,0,0,0,1,1,32,0,0,0,0,0
206901350565560321,29346256,604,482,"Mon May 28 03:15:00 EEST 2012",1,0,0,0,0,0,1,0,1,0.0,0.0,0.0,0.06666666666666667,1,0,0,0,0,10,53,0,0,0,0,-1
206873487846014976,331160605,1743,1003,"Mon May 28 01:24:17 EEST 2012",2,0,0,0,0,0,0,0,0,0.0,0.0,0.0,0.0,0,0,0,0,0,5,10,0,0,0,0,0
206808732011732993,160979326,222,409,"Sun May 27 21:06:58 EEST 2012",0,0,0,1,0,0,0,0,0,0.05555555555555555,0.0,0.0,0.0,0,1,0,0,0,5,66,0,0,0,0,1
205938166459404289,255527129,143,188,"Fri May 25 11:27:39 EEST 2012",0,0,0,0,1,0,1,0,0,0.0,0.07692307692307693,0.0,0.07692307692307693,0,0,0,1,2,9,50,0,0,0,0,0
204043179949953024,158835131,314,312,"Sun May 20 05:57:39 EEST 2012",0,0,0,0,0,0,1,0,0,0.0,0.0,0.0,0.14285714285714285,0,0,0,0,1,2,26,0,0,0,0,-1
206466342633746433,258779593,66,203,"Sat May 26 22:26:26 EEST 2012",0,0,0,0,0,0,0,0,0,0.0,0.0,0.0,0.0,0,0,0,0,0,1,46,0,0,0,0,1
204447221415030784,240075779,271,206,"Mon May 21 08:43:10 EEST 2012",0,0,0,0,2,0,0,0,0,0.0,0.25,0.0,0.0,1,0,0,0,2,4,34,0,0,0,0,-1
205073099920642048,97131876,324,254,"Wed May 23 02:10:11 EEST 2012",1,0,0,1,1,0,0,0,0,0.08333333333333333,0.08333333333333333,0.0,0.0,0,0,0,0,4,2,38,0,0,0,0,0
204019163478499329,444300950,562,220,"Sun May 20 04:22:13 EEST 2012",0,0,0,0,0,0,0,0,0,0.0,0.0,0.0,0.0,0,0,0,0,0,1,28,0,0,0,0,0
205327421153624064,183331458,467,417,"Wed May 23 19:00:46 EEST 2012",0,0,0,1,0,0,0,0,0,0.05263157894736842,0.0,0.0,0.0,2,1,0,0,3,4,59,0,0,0,0,0
204040604605358080,422816335,362,465,"Sun May 20 05:47:25 EEST 2012",0,0,1,0,0,1,0,0,0,0.0,0.0,0.041666666666666664,0.0,0,0,1,0,0,10,93,0,0,1,0,1
206785843866779650,175984688,870,1001,"Sun May 27 19:36:01 EEST 2012",0,0,1,0,0,0,0,0,0,0.0,0.0,0.0,0.0,0,0,0,1,0,5,21,0,0,0,0,0
204350819632562176,327464566,155,116,"Mon May 21 02:20:06 EEST 2012",2,0,0,0,0,1,0,0,0,0.0,0.0,0.08333333333333333,0.0,0,0,2,0,0,5,39,0,0,0,0,0
202585277506658304,46880386,221,174,"Wed May 16 05:24:28 EEST 2012",1,0,0,0,0,0,1,0,0,0.0,0.0,0.0,0.2,0,0,0,0,0,0,21,0,1,0,0,-1
205803529531691009,233088970,283,253,"Fri May 25 02:32:39 EEST 2012",0,0,0,3,0,0,0,0,0,0.16666666666666666,0.0,0.0,0.0,0,4,1,0,0,4,68,1,0,0,0,1
205069148525568000,262611506,132,150,"Wed May 23 01:54:29 EEST 2012",0,0,1,0,0,1,0,0,0,0.0,0.0,0.1111111111111111,0.0,0,0,0,0,0,7,41,0,0,0,0,1
204036028846182400,241772136,506,578,"Sun May 20 05:29:14 EEST 2012",0,0,0,0,0,0,0,0,0,0.0,0.0,0.0,0.0,1,0,0,0,1,2,18,0,0,0,0,-1
206954381931843585,23024587,37481,23482,"Mon May 28 06:45:44 EEST 2012",11,0,0,0,0,0,0,0,1,0.0,0.0,0.0,0.0,0,0,0,0,1,2,29,0,0,0,0,-1
205113922854977536,126807076,184,147,"Wed May 23 04:52:24 EEST 2012",0,0,0,1,0,0,0,0,0,0.05555555555555555,0.0,0.0,0.0,0,2,3,0,1,17,84,0,0,0,0,1
204978233098248193,89699028,625,476,"Tue May 22 19:53:13 EEST 2012",0,0,0,0,2,0,0,0,0,0.0,0.1,0.0,0.0,0,3,0,1,0,4,78,0,0,0,0,-1
202573252575494145,268428736,344,320,"Wed May 16 04:36:41 EEST 2012",1,0,0,0,0,0,0,1,0,0.0,0.0,0.0,0.0,0,0,1,0,1,1,43,0,0,1,0,1
203948568929775617,35296664,58,120,"Sat May 19 23:41:42 EEST 2012",0,0,0,0,0,0,0,0,0,0.0,0.0,0.0,0.0,0,0,0,0,2,2,26,0,0,0,0,0
203914816614694913,226794687,74018,14168,"Sat May 19 21:27:35 EEST 2012",22,0,0,1,0,0,0,0,0,0.08333333333333333,0.0,0.0,0.0,0,0,1,1,1,10,41,1,0,0,0,1
202631435981570048,256694375,126,632,"Wed May 16 08:27:53 EEST 2012",0,0,1,0,0,0,0,0,0,0.0,0.0,0.0,0.0,0,1,0,0,0,45,37,0,0,0,0,0
204372638515216384,229621605,1093,688,"Mon May 21 03:46:48 EEST 2012",0,0,0,0,0,0,0,0,0,0.0,0.0,0.0,0.0,0,0,0,0,0,0,4,0,0,0,0,0
204293806324068352,303589492,61,272,"Sun May 20 22:33:33 EEST 2012",0,0,0,0,0,0,0,0,0,0.0,0.0,0.0,0.0,0,0,0,0,0,1,41,0,0,0,0,0
205425388103544832,388305062,654,585,"Thu May 24 01:30:03 EEST 2012",2,0,0,0,0,1,1,0,0,0.0,0.0,0.1111111111111111,0.1111111111111111,0,0,0,0,1,2,38,0,0,0,0,1
207021081284968448,113699455,17,69,"Mon May 28 11:10:46 EEST 2012",0,0,0,0,0,1,0,0,0,0.0,0.0,0.2,0.0,0,0,0,0,0,2,18,1,0,0,0,1
204128097711304704,192437697,26,31,"Sun May 20 11:35:05 EEST 2012",0,0,1,0,0,0,0,0,0,0.0,0.0,0.0,0.0,1,0,1,0,0,6,60,0,0,0,0,1
203971864375209985,97884478,180,156,"Sun May 20 01:14:16 EEST 2012",0,0,1,0,0,0,0,0,0,0.0,0.0,0.0,0.0,0,0,0,0,1,15,34,0,0,0,0,0
205116170918035456,57512835,151,289,"Wed May 23 05:01:20 EEST 2012",0,0,1,0,0,0,0,0,0,0.0,0.0,0.0,0.0,0,0,0,0,0,4,13,0,0,0,0,0
205920982655971329,260445516,392,368,"Fri May 25 10:19:22 EEST 2012",0,0,0,1,1,0,0,0,0,0.16666666666666666,0.16666666666666666,0.0,0.0,0,1,0,0,1,3,17,0,0,0,0,-1
204400614577418241,453586036,848,683,"Mon May 21 05:37:58 EEST 2012",0,0,0,0,0,0,0,0,0,0.0,0.0,0.0,0.0,0,1,0,0,0,4,22,0,0,0,0,0
202534388024623105,64575013,2071,1358,"Wed May 16 02:02:15 EEST 2012",0,0,0,0,0,1,0,0,0,0.0,0.0,0.16666666666666666,0.0,0,0,1,0,0,2,16,0,0,0,0,1
204889468967198721,570259058,63,105,"Tue May 22 14:00:30 EEST 2012",0,0,1,0,0,0,0,0,0,0.0,0.0,0.0,0.0,0,0,1,0,1,6,77,0,0,0,0,0
204163757662937090,146412329,340,302,"Sun May 20 13:56:47 EEST 2012",0,0,1,0,0,0,0,0,0,0.0,0.0,0.0,0.0,0,0,0,0,1,9,46,0,0,0,0,0
205814510051799040,66593082,138,219,"Fri May 25 03:16:17 EEST 2012",98,0,0,0,0,0,0,0,0,0.0,0.0,0.0,0.0,0,0,0,0,0,5,30,0,0,0,0,0
204205818328006656,157924571,285,643,"Sun May 20 16:43:55 EEST 2012",0,0,0,0,0,0,0,0,0,0.0,0.0,0.0,0.0,0,2,0,0,1,0,12,0,0,0,0,1
202588993907474433,337884293,157,173,"Wed May 16 05:39:14 EEST 2012",0,0,0,0,1,0,0,0,0,0.0,0.1111111111111111,0.0,0.0,0,0,0,0,0,0,45,0,0,0,0,-1
206721687729881092,547035506,81,91,"Sun May 27 15:21:05 EEST 2012",0,0,0,0,1,0,0,0,0,0.0,0.08333333333333333,0.0,0.0,0,1,0,0,1,4,28,0,0,0,0,0
206458692227448832,71887066,813,32,"Sat May 26 21:56:02 EEST 2012",0,0,1,0,0,0,0,0,0,0.0,0.0,0.0,0.0,0,0,2,0,0,13,31,0,0,0,0,1
206491240227799042,279380842,150,193,"Sun May 27 00:05:22 EEST 2012",0,0,0,0,0,0,0,0,0,0.0,0.0,0.0,0.0,0,0,0,0,0,15,10,0,0,0,0,-1
206649964993056769,232119321,264,206,"Sun May 27 10:36:05 EEST 2012",0,0,0,0,0,0,0,0,0,0.0,0.0,0.0,0.0,0,3,0,0,0,3,31,0,0,0,0,1
202613240990146562,348736212,88,64,"Wed May 16 07:15:35 EEST 2012",0,0,0,0,0,0,0,0,0,0.0,0.0,0.0,0.0,0,0,0,0,0,1,9,0,0,0,0,0
206618476599705600,210773797,141,136,"Sun May 27 08:30:58 EEST 2012",1,0,0,0,0,0,1,0,0,0.0,0.0,0.0,0.05263157894736842,1,1,0,0,1,11,74,0,0,0,0,-1
205480974975369217,57809912,67,87,"Thu May 24 05:10:56 EEST 2012",0,0,0,3,0,0,0,0,0,0.15,0.0,0.0,0.0,0,0,0,0,1,2,68,0,0,0,0,0
202698846965473280,548112479,228,307,"Wed May 16 12:55:45 EEST 2012",0,0,1,0,0,0,0,0,0,0.0,0.0,0.0,0.0,0,2,7,2,0,10,19,0,1,0,0,-1
205866368606810114,182558301,237,657,"Fri May 25 06:42:21 EEST 2012",0,0,0,0,0,0,0,0,0,0.0,0.0,0.0,0.0,1,0,0,0,1,1,20,0,0,0,0,0
204412714934743041,347331149,382,311,"Mon May 21 06:26:03 EEST 2012",0,0,1,0,0,0,0,0,0,0.0,0.0,0.0,0.0,0,0,0,0,0,5,18,1,0,0,0,1
204401591577616384,220205598,439,610,"Mon May 21 05:41:51 EEST 2012",0,0,0,2,0,0,0,0,0,0.16666666666666666,0.0,0.0,0.0,1,0,0,0,2,2,51,0,0,0,0,-1
202568609359339520,184754669,181,297,"Wed May 16 04:18:14 EEST 2012",0,0,0,0,1,0,0,0,0,0.0,0.05555555555555555,0.0,0.0,1,0,2,0,0,2,87,0,0,0,0,-1
205080896980779008,64616136,1353,515,"Wed May 23 02:41:10 EEST 2012",0,0,0,0,0,0,0,0,0,0.0,0.0,0.0,0.0,0,0,1,0,0,4,35,0,0,0,0,-1
204031897838424064,103465418,329265,108,"Sun May 20 05:12:49 EEST 2012",641,0,0,0,0,0,0,0,0,0.0,0.0,0.0,0.0,1,0,0,1,1,3,33,0,0,0,0,-1
203973625978699777,428599667,109,155,"Sun May 20 01:21:16 EEST 2012",0,0,0,0,0,0,0,0,0,0.0,0.0,0.0,0.0,0,0,3,0,0,9,3,0,0,0,0,-1
204345333298376706,52794984,1070,1195,"Mon May 21 01:58:18 EEST 2012",0,0,0,0,0,0,0,0,0,0.0,0.0,0.0,0.0,1,0,0,0,0,4,51,0,0,0,0,1
202550912357642240,153804732,447,203,"Wed May 16 03:07:55 EEST 2012",1,0,0,0,0,0,0,0,0,0.0,0.0,0.0,0.0,0,0,0,0,0,0,7,0,0,0,0,0
205421625351483395,239931799,173,664,"Thu May 24 01:15:06 EEST 2012",0,0,0,1,0,0,0,0,0,0.047619047619047616,0.0,0.0,0.0,0,0,0,0,0,5,75,0,0,0,0,0
206796728031121411,516930210,238,196,"Sun May 27 20:19:16 EEST 2012",0,0,0,0,0,0,0,0,0,0.0,0.0,0.0,0.0,0,0,0,0,0,14,29,0,0,0,0,0
206627026600329219,390068429,1684,1832,"Sun May 27 09:04:56 EEST 2012",0,0,0,1,0,2,1,0,0,0.05263157894736842,0.0,0.10526315789473684,0.05263157894736842,0,2,0,0,0,3,75,1,0,0,0,-1
202510220562403329,290397272,529,840,"Wed May 16 00:26:13 EEST 2012",0,0,0,0,0,0,0,0,0,0.0,0.0,0.0,0.0,0,0,0,0,0,4,21,0,0,0,0,0
205111452539949057,317197828,759,534,"Wed May 23 04:42:35 EEST 2012",0,0,0,1,0,0,0,0,0,0.06666666666666667,0.0,0.0,0.0,1,0,1,0,0,22,45,0,0,0,0,0
205424922342854658,94979167,666,336,"Thu May 24 01:28:12 EEST 2012",0,0,0,1,1,0,0,0,0,0.16666666666666666,0.16666666666666666,0.0,0.0,0,0,0,0,0,0,21,0,0,0,0,-1
205475824357482496,273089177,244,165,"Thu May 24 04:50:28 EEST 2012",3,0,0,0,0,0,0,0,0,0.0,0.0,0.0,0.0,0,0,0,0,0,4,105,0,0,0,0,0
205469664296439810,263024099,305,322,"Thu May 24 04:26:00 EEST 2012",1,0,0,0,0,0,0,0,0,0.0,0.0,0.0,0.0,0,0,0,0,0,1,8,0,0,0,0,0
206515281894440960,399549185,160,152,"Sun May 27 01:40:54 EEST 2012",0,0,0,1,1,0,1,0,0,0.1111111111111111,0.1111111111111111,0.0,0.1111111111111111,0,0,0,0,0,9,23,0,0,0,0,-1
205781446198181888,104605852,3081,2038,"Fri May 25 01:04:54 EEST 2012",22,0,0,1,0,1,0,0,0,0.08333333333333333,0.0,0.08333333333333333,0.0,0,1,0,0,0,5,55,0,0,0,0,1
203915538890633216,43635444,47896,45478,"Sat May 19 21:30:27 EEST 2012",9,0,0,2,0,0,1,0,0,0.09523809523809523,0.0,0.0,0.047619047619047616,1,0,0,0,1,4,65,0,0,0,0,0
203963501218234368,216299334,2974514,535,"Sun May 20 00:41:02 EEST 2012",2871,0,0,0,0,0,0,1,0,0.0,0.0,0.0,0.0,0,1,0,0,0,6,40,0,0,0,0,1
203980374559297536,243799343,219,169,"Sun May 20 01:48:05 EEST 2012",3,0,0,0,0,0,1,0,0,0.0,0.0,0.0,0.16666666666666666,0,0,0,0,0,1,37,0,0,0,0,-1
205522268837789696,300070274,779,722,"Thu May 24 07:55:01 EEST 2012",3,0,1,0,0,0,0,0,0,0.0,0.0,0.0,0.0,0,0,0,0,0,8,11,0,0,0,0,-1
207049783045668864,78184695,1352,531,"Mon May 28 13:04:49 EEST 2012",1,0,0,0,0,0,0,0,0,0.0,0.0,0.0,0.0,0,0,0,0,0,22,3,0,0,0,0,0
206494305957851137,72311177,1413,1513,"Sun May 27 00:17:33 EEST 2012",0,0,0,2,0,0,0,0,0,0.1111111111111111,0.0,0.0,0.0,0,0,1,0,0,2,64,0,0,0,0,1
206645581945389056,91776693,356,328,"Sun May 27 10:18:40 EEST 2012",0,0,0,0,0,1,0,0,0,0.0,0.0,1.0,0.0,0,0,0,0,0,0,4,0,0,0,0,0
206841917613420544,27966926,549,357,"Sun May 27 23:18:50 EEST 2012",8601,0,0,0,0,0,0,0,0,0.0,0.0,0.0,0.0,0,0,0,0,0,7,37,0,0,0,0,0
202499709397508097,90420314,4839302,59,"Tue May 15 23:44:27 EEST 2012",1318,0,1,2,0,2,0,0,0,0.1,0.0,0.1,0.0,0,0,2,0,2,12,89,0,0,0,0,1
204922138761760771,30689667,137682,83685,"Tue May 22 16:10:19 EEST 2012",14,0,0,0,0,0,0,0,0,0.0,0.0,0.0,0.0,0,0,0,1,0,1,32,0,0,0,0,0
203918525365092353,85656926,142,289,"Sat May 19 21:42:19 EEST 2012",0,0,1,0,0,0,0,0,0,0.0,0.0,0.0,0.0,0,0,0,0,1,9,42,0,0,0,0,0
202585369793921024,489124261,392,286,"Wed May 16 05:24:50 EEST 2012",0,0,0,0,0,0,0,0,0,0.0,0.0,0.0,0.0,0,0,1,0,0,4,15,0,0,0,0,0
205476984552292355,14670341,2352,1101,"Thu May 24 04:55:05 EEST 2012",2,0,0,2,0,0,0,0,0,0.18181818181818182,0.0,0.0,0.0,0,0,0,0,0,5,49,0,0,0,0,0
203928922881130497,261827965,107,744,"Sat May 19 22:23:38 EEST 2012",667,0,0,1,0,0,0,0,0,0.14285714285714285,0.0,0.0,0.0,0,0,1,0,0,6,24,0,0,0,0,0
202565161595305984,478252805,188,87,"Wed May 16 04:04:34 EEST 2012",0,0,1,0,0,0,0,1,0,0.0,0.0,0.0,0.0,0,0,2,0,1,2,36,0,0,0,0,1
205554887013044224,549357821,1945,429,"Thu May 24 10:04:38 EEST 2012",0,0,0,0,0,0,0,0,0,0.0,0.0,0.0,0.0,0,0,0,0,0,2,16,0,1,0,0,-1
205038170180550657,554007607,740,626,"Tue May 22 23:51:23 EEST 2012",2,0,0,1,1,0,0,0,1,0.043478260869565216,0.043478260869565216,0.0,0.0,0,0,0,0,1,23,71,0,0,0,0,-1
204089514505932800,100711569,466,251,"Sun May 20 09:01:46 EEST 2012",0,0,0,0,0,0,0,0,0,0.0,0.0,0.0,0.0,0,1,1,0,1,1,23,0,0,0,0,1
202655918079479808,58838591,179,181,"Wed May 16 10:05:10 EEST 2012",0,0,1,0,0,0,0,0,0,0.0,0.0,0.0,0.0,0,8,0,0,0,4,60,0,0,0,0,0
204339186457788417,258885469,31056,652,"Mon May 21 01:33:53 EEST 2012",136,0,0,0,0,0,0,0,0,0.0,0.0,0.0,0.0,0,0,0,0,2,16,90,0,0,0,0,0
205417925841133570,29650413,361,393,"Thu May 24 01:00:24 EEST 2012",1,0,0,0,0,2,0,0,0,0.0,0.0,0.2222222222222222,0.0,1,0,1,1,0,13,21,0,0,0,0,0
204066924093636608,236346828,286,183,"Sun May 20 07:32:00 EEST 2012",0,0,0,0,0,0,0,0,0,0.0,0.0,0.0,0.0,0,0,0,1,0,0,25,0,0,0,0,0
206967188849033216,567901978,446,458,"Mon May 28 07:36:37 EEST 2012",0,0,0,0,0,0,0,0,0,0.0,0.0,0.0,0.0,0,0,1,0,0,0,26,0,0,0,0,0
204925317687676929,402813132,125,145,"Tue May 22 16:22:57 EEST 2012",1187,0,0,0,0,0,0,0,0,0.0,0.0,0.0,0.0,3,0,0,0,2,5,89,0,0,0,0,0
206725307326144512,591266921,34,265,"Sun May 27 15:35:28 EEST 2012",0,0,0,0,0,0,0,0,0,0.0,0.0,0.0,0.0,0,0,0,1,0,0,23,0,0,0,0,0
206873777341083648,44577029,23,51,"Mon May 28 01:25:26 EEST 2012",0,0,1,0,0,0,0,0,0,0.0,0.0,0.0,0.0,0,0,0,0,0,4,25,0,0,0,0,0
205097133043482624,269355316,494,417,"Wed May 23 03:45:41 EEST 2012",0,0,0,1,0,0,0,0,0,0.1,0.0,0.0,0.0,1,0,0,0,1,1,37,0,0,0,0,0
203927438114291712,500453420,419,613,"Sat May 19 22:17:44 EEST 2012",1,0,0,0,0,0,0,0,0,0.0,0.0,0.0,0.0,0,2,0,0,2,3,97,0,0,0,0,0
206446746992263169,250326581,6178,550,"Sat May 26 21:08:34 EEST 2012",2,0,1,0,0,0,0,0,0,0.0,0.0,0.0,0.0,1,1,0,0,0,8,95,0,0,0,0,0
206916478249873409,420653699,134224,0,"Mon May 28 04:15:07 EEST 2012",219,0,0,0,0,0,1,0,0,0.0,0.0,0.0,0.125,0,0,0,0,1,4,31,0,0,0,0,0
202700272823308288,102335402,739,224,"Wed May 16 13:01:25 EEST 2012",0,0,0,1,0,0,0,1,0,0.058823529411764705,0.0,0.0,0.0,0,0,3,0,0,2,66,0,0,0,0,1
206705510311936000,416530730,195,205,"Sun May 27 14:16:48 EEST 2012",0,0,0,0,0,0,0,0,0,0.0,0.0,0.0,0.0,0,0,0,0,0,2,30,0,0,0,0,-1
204178366637686786,392169185,0,4,"Sun May 20 14:54:50 EEST 2012",0,0,0,1,0,0,0,0,0,1.0,0.0,0.0,0.0,0,0,0,0,0,0,5,0,0,0,0,0
204916765380190208,568001399,489,1184,"Tue May 22 15:48:58 EEST 2012",0,0,1,1,0,0,0,0,0,0.043478260869565216,0.0,0.0,0.0,0,0,0,0,0,5,104,0,0,0,0,0
204253285350256640,500935988,577,740,"Sun May 20 19:52:32 EEST 2012",1,0,0,0,0,0,1,0,0,0.0,0.0,0.0,0.5,0,0,0,0,0,1,15,0,0,0,0,-1
207040618239762432,187327173,892,810,"Mon May 28 12:28:24 EEST 2012",0,0,0,1,0,0,0,0,0,1.0,0.0,0.0,0.0,0,0,1,0,0,1,2,0,0,0,0,1
205005873393844225,369982335,298,286,"Tue May 22 21:43:03 EEST 2012",5,0,0,1,0,0,0,0,0,0.04,0.0,0.0,0.0,1,0,0,0,1,11,93,0,0,0,0,0
206830475346575361,42106516,693,183,"Sun May 27 22:33:22 EEST 2012",0,0,0,0,0,0,0,0,0,0.0,0.0,0.0,0.0,0,1,0,0,0,1,34,0,0,0,0,0
205420987943108608,511052411,331,343,"Thu May 24 01:12:34 EEST 2012",0,0,0,0,0,0,0,0,0,0.0,0.0,0.0,0.0,0,0,0,0,0,2,27,0,0,0,0,0
205127806059941889,318723167,479,637,"Wed May 23 05:47:34 EEST 2012",0,0,0,0,0,0,1,0,0,0.0,0.0,0.0,0.25,0,0,0,0,0,1,9,0,0,0,0,-1
206592784138899456,24474870,300,159,"Sun May 27 06:48:52 EEST 2012",0,0,0,0,0,0,0,0,0,0.0,0.0,0.0,0.0,0,0,1,1,1,4,69,0,0,0,0,1
205355137185751041,288046008,360,406,"Wed May 23 20:50:54 EEST 2012",0,0,0,1,0,2,0,0,0,0.047619047619047616,0.0,0.09523809523809523,0.0,0,0,2,0,1,3,86,0,0,0,0,1
206483967300468737,349696552,12842,9096,"Sat May 26 23:36:28 EEST 2012",0,0,0,1,0,0,0,0,0,0.05263157894736842,0.0,0.0,0.0,0,0,0,0,2,19,71,0,0,0,0,0
203677181929459713,276724016,57945,7331,"Sat May 19 05:43:19 EEST 2012",243,0,1,0,0,0,1,0,0,0.0,0.0,0.0,0.1111111111111111,0,0,0,0,0,4,34,0,0,0,0,0
204024465028419585,252756541,575,519,"Sun May 20 04:43:17 EEST 2012",0,0,0,0,1,0,0,0,0,0.0,0.1111111111111111,0.0,0.0,0,0,2,1,0,2,37,0,0,0,0,-1
206887949923655682,297138252,556,402,"Mon May 28 02:21:45 EEST 2012",0,0,0,1,0,0,0,0,0,0.08333333333333333,0.0,0.0,0.0,0,7,0,0,4,32,35,0,0,0,0,1
204024751700721664,296052778,912,569,"Sun May 20 04:44:26 EEST 2012",2,0,0,0,0,0,1,0,0,0.0,0.0,0.0,0.1,0,0,0,0,0,1,42,0,0,0,0,-1
204014813762957312,422409557,330,367,"Sun May 20 04:04:56 EEST 2012",0,0,0,0,0,0,0,0,0,0.0,0.0,0.0,0.0,1,1,1,0,1,1,35,0,0,0,0,0
206574920543633408,522621257,199,187,"Sun May 27 05:37:53 EEST 2012",0,0,0,0,0,0,0,0,0,0.0,0.0,0.0,0.0,0,0,0,0,0,5,66,0,0,0,0,-1
204935153192144897,337140693,387,351,"Tue May 22 17:02:02 EEST 2012",0,0,0,0,0,0,0,0,0,0.0,0.0,0.0,0.0,0,0,0,0,0,21,0,0,0,0,0,1
205868706981621761,191225411,539,290,"Fri May 25 06:51:39 EEST 2012",2,0,0,1,0,0,0,0,0,0.045454545454545456,0.0,0.0,0.0,1,0,0,0,0,2,98,0,0,0,0,0
202608719790477312,406717354,107,100,"Wed May 16 06:57:37 EEST 2012",0,0,0,0,0,0,0,0,0,0.0,0.0,0.0,0.0,0,0,0,0,0,3,42,1,0,0,0,0
204259761447911424,224826880,188,179,"Sun May 20 20:18:16 EEST 2012",1,0,0,0,0,0,1,0,0,0.0,0.0,0.0,0.2,0,0,0,0,0,3,16,0,0,0,0,-1
204959195009794048,109505337,384,204,"Tue May 22 18:37:34 EEST 2012",0,0,0,1,0,0,0,0,0,0.16666666666666666,0.0,0.0,0.0,0,0,0,0,0,1,31,0,0,1,0,1
203947864320249858,178620795,65,706,"Sat May 19 23:38:54 EEST 2012",0,0,0,0,0,0,1,0,0,0.0,0.0,0.0,0.125,0,0,0,1,0,4,32,0,0,0,0,-1
204401637861756928,253351419,1079,1977,"Mon May 21 05:42:02 EEST 2012",1132,0,0,0,0,1,0,0,0,0.0,0.0,0.09090909090909091,0.0,0,0,0,0,0,5,46,0,0,0,0,1
203942114051096576,102043576,154,465,"Sat May 19 23:16:03 EEST 2012",1,0,0,1,0,0,0,0,0,0.25,0.0,0.0,0.0,0,0,0,0,0,0,24,0,0,1,0,1
205035115905159171,95240650,43,48,"Tue May 22 23:39:15 EEST 2012",0,0,0,1,0,0,0,0,0,0.1,0.0,0.0,0.0,0,0,0,0,0,5,38,0,0,0,0,0
204023034611384321,112672704,305,612,"Sun May 20 04:37:36 EEST 2012",0,0,1,0,0,0,0,0,0,0.0,0.0,0.0,0.0,0,0,0,2,1,9,65,0,0,0,0,1
205467884552589313,24883373,650,981,"Thu May 24 04:18:55 EEST 2012",0,0,1,0,0,0,0,0,0,0.0,0.0,0.0,0.0,0,0,0,0,0,8,43,0,0,0,0,0
205383371638050818,325413040,3480,2806,"Wed May 23 22:43:06 EEST 2012",49,0,0,0,0,0,0,0,0,0.0,0.0,0.0,0.0,0,0,0,0,0,1,39,0,0,1,0,0
205950766438039553,25395273,629,615,"Fri May 25 12:17:43 EEST 2012",0,0,0,0,0,1,0,0,0,0.0,0.0,0.0625,0.0,0,0,0,1,2,20,88,1,0,0,0,1
205799796395622400,380630976,138,306,"Fri May 25 02:17:49 EEST 2012",5037,0,0,0,1,0,0,0,0,0.0,0.047619047619047616,0.0,0.0,0,0,0,0,1,2,91,0,0,0,0,0
205389895538180097,481358244,101,239,"Wed May 23 23:09:01 EEST 2012",0,0,0,1,0,0,0,0,0,0.16666666666666666,0.0,0.0,0.0,0,0,0,0,0,0,18,0,0,1,0,1
204001308053733378,392271335,102,679,"Sun May 20 03:11:16 EEST 2012",0,0,0,0,0,0,0,0,0,0.0,0.0,0.0,0.0,0,0,0,0,0,0,6,0,0,0,0,-1
204310210452537346,414089931,425,397,"Sun May 20 23:38:44 EEST 2012",1,0,0,0,0,0,0,1,0,0.0,0.0,0.0,0.0,0,0,0,0,0,1,41,0,0,0,0,-1
204415749077467136,494583213,54872,483,"Mon May 21 06:38:07 EEST 2012",325,0,0,0,0,2,0,0,0,0.0,0.0,0.09523809523809523,0.0,0,0,0,0,0,6,98,0,0,0,0,0
203984453352169472,565675651,6737,858,"Sun May 20 02:04:18 EEST 2012",9,0,1,0,0,0,0,0,0,0.0,0.0,0.0,0.0,0,0,0,0,0,11,68,0,0,0,0,0
204031289047785472,561611370,306,473,"Sun May 20 05:10:24 EEST 2012",0,0,0,0,1,0,0,0,0,0.0,0.16666666666666666,0.0,0.0,0,1,0,0,0,0,23,0,0,0,0,1
204009822545387520,285266292,476,423,"Sun May 20 03:45:06 EEST 2012",0,0,1,0,0,0,0,0,0,0.0,0.0,0.0,0.0,0,0,0,0,0,14,63,0,0,0,0,0
204975347425492995,420051688,253,352,"Tue May 22 19:41:45 EEST 2012",1,0,0,0,0,0,0,0,0,0.0,0.0,0.0,0.0,0,0,0,0,1,4,79,0,0,0,0,0
205008960426754050,456949245,35,405,"Tue May 22 21:55:19 EEST 2012",1,0,0,0,0,0,0,0,0,0.0,0.0,0.0,0.0,0,0,0,0,0,19,91,0,0,0,0,0
205016158066311168,232666270,173,89,"Tue May 22 22:23:55 EEST 2012",1361,0,0,0,1,1,1,0,0,0.0,0.03571428571428571,0.03571428571428571,0.03571428571428571,0,1,0,0,0,7,90,0,0,0,0,0
204113422013575168,20462239,848,657,"Sun May 20 10:36:46 EEST 2012",0,0,1,0,0,0,0,0,0,0.0,0.0,0.0,0.0,0,0,3,0,0,7,45,0,0,0,0,0
205503083193712640,255713490,216,655,"Thu May 24 06:38:47 EEST 2012",0,0,1,2,0,0,0,0,0,0.2222222222222222,0.0,0.0,0.0,0,0,2,0,0,8,31,0,0,0,0,1
205783686313029632,504803498,318,693,"Fri May 25 01:13:48 EEST 2012",1,0,0,0,0,0,0,0,0,0.0,0.0,0.0,0.0,0,0,0,0,0,0,34,0,0,0,0,1
206809390446161920,396904679,695,1992,"Sun May 27 21:09:35 EEST 2012",3480,0,0,0,2,1,1,0,0,0.0,0.25,0.125,0.125,0,0,0,0,1,12,26,0,0,0,0,0
205867144192335873,161831984,629,346,"Fri May 25 06:45:26 EEST 2012",77,0,0,0,0,0,1,0,0,0.0,0.0,0.0,0.058823529411764705,1,1,0,0,0,7,71,0,0,0,0,0
204109424900575232,512897185,657,1991,"Sun May 20 10:20:53 EEST 2012",0,0,1,0,0,0,0,0,0,0.0,0.0,0.0,0.0,0,0,0,1,0,28,21,0,0,0,0,0
204189088033677312,207950470,914,1029,"Sun May 20 15:37:26 EEST 2012",11,0,1,0,0,0,0,0,0,0.0,0.0,0.0,0.0,0,0,0,0,0,22,89,0,0,0,0,-1
206704616996478976,274614864,503,234,"Sun May 27 14:13:15 EEST 2012",0,0,0,0,0,0,0,0,0,0.0,0.0,0.0,0.0,0,0,0,0,0,1,46,0,0,0,0,0
202556713461760000,4824301,1632,605,"Wed May 16 03:30:58 EEST 2012",1,0,0,0,0,0,0,0,0,0.0,0.0,0.0,0.0,0,1,0,0,0,3,53,0,0,0,0,0
203691387642855425,115088073,147577,2989,"Sat May 19 06:39:45 EEST 2012",357,0,1,1,1,0,0,0,0,0.0625,0.0625,0.0,0.0,0,1,0,0,0,11,76,0,1,0,0,0
204395510038147074,321111691,509,313,"Mon May 21 05:17:41 EEST 2012",0,0,0,0,0,0,1,0,0,0.0,0.0,0.0,0.08333333333333333,0,0,0,0,0,5,41,0,0,0,0,-1
204321019102625794,292224129,440,772,"Mon May 21 00:21:41 EEST 2012",0,0,0,0,0,0,0,0,0,0.0,0.0,0.0,0.0,0,1,0,0,0,4,16,0,0,0,0,0
205013448403320832,19616799,1337,517,"Tue May 22 22:13:09 EEST 2012",0,0,0,0,0,0,0,0,0,0.0,0.0,0.0,0.0,0,0,0,0,1,10,27,0,1,0,0,-1
206713659601334273,99675482,486,447,"Sun May 27 14:49:11 EEST 2012",0,0,0,0,0,0,1,0,0,0.0,0.0,0.0,0.5,0,0,0,0,0,2,15,0,0,0,0,-1
204317411921506305,69652036,21373,2356,"Mon May 21 00:07:21 EEST 2012",0,0,0,0,0,0,0,1,0,0.0,0.0,0.0,0.0,0,0,2,0,1,12,49,1,0,0,0,0
204280212899373056,165593609,876,616,"Sun May 20 21:39:32 EEST 2012",3,0,0,0,0,0,0,0,0,0.0,0.0,0.0,0.0,0,0,0,0,0,5,66,0,0,0,1,-1
203990180732993537,390364929,59,110,"Sun May 20 02:27:03 EEST 2012",0,0,0,0,0,0,0,0,0,0.0,0.0,0.0,0.0,0,0,0,0,3,2,45,0,0,0,0,0
205827453875257344,261860843,298,255,"Fri May 25 04:07:43 EEST 2012",0,0,0,0,0,0,0,0,0,0.0,0.0,0.0,0.0,0,0,0,1,0,1,20,0,0,0,0,0
205288168126283776,367073641,375,329,"Wed May 23 16:24:48 EEST 2012",3,0,0,0,0,0,0,0,0,0.0,0.0,0.0,0.0,0,0,0,0,1,12,72,0,0,0,0,-1
204970406392766466,446035374,2,1,"Tue May 22 19:22:07 EEST 2012",2,0,0,0,0,0,1,0,0,0.0,0.0,0.0,0.04,0,1,0,0,0,7,98,0,0,0,0,-1
206848089661771776,105726521,57351,18972,"Sun May 27 23:43:22 EEST 2012",211,0,0,2,0,0,0,0,0,0.09090909090909091,0.0,0.0,0.0,0,0,0,2,1,10,89,0,0,0,0,0
204215590968238083,61973769,684,231,"Sun May 20 17:22:45 EEST 2012",0,0,1,0,0,0,0,0,0,0.0,0.0,0.0,0.0,0,1,1,0,0,4,53,0,0,0,0,0
204106908792143872,456989694,2317,2578,"Sun May 20 10:10:53 EEST 2012",3,0,0,0,0,0,0,0,0,0.0,0.0,0.0,0.0,1,1,0,3,0,4,38,0,0,0,0,0
206665622246010880,67253093,474,452,"Sun May 27 11:38:18 EEST 2012",0,0,0,2,0,0,0,0,1,0.15384615384615385,0.0,0.0,0.0,0,0,0,0,0,3,61,0,0,0,0,-1
204077034496991232,417702018,309,153,"Sun May 20 08:12:11 EEST 2012",4,0,0,0,1,0,0,0,0,0.0,0.05,0.0,0.0,0,0,0,0,0,1,78,0,0,0,0,0
197762302282440704,166739404,4683761,64,"Wed May 02 21:59:41 EEST 2012",2451,0,0,1,0,0,0,0,0,0.058823529411764705,0.0,0.0,0.0,0,0,0,0,0,13,87,0,0,0,0,0
201452560182280193,84279963,7597731,2913,"Sun May 13 02:23:27 EEST 2012",24056,0,0,1,0,1,0,0,0,0.14285714285714285,0.0,0.14285714285714285,0.0,0,0,2,0,0,5,40,0,0,0,0,0
204410173018746880,240420049,336,319,"Mon May 21 06:15:57 EEST 2012",0,0,0,0,0,0,0,0,0,0.0,0.0,0.0,0.0,0,0,0,0,1,2,18,0,0,0,0,0
204944040834236416,357588650,971,623,"Tue May 22 17:37:21 EEST 2012",1,0,0,0,0,1,0,0,1,0.0,0.0,0.07142857142857142,0.0,0,0,1,0,0,6,50,0,0,0,0,-1
206754369675329536,272533780,1262,1861,"Sun May 27 17:30:57 EEST 2012",2552,0,0,1,0,0,0,0,0,0.08333333333333333,0.0,0.0,0.0,0,0,0,0,1,5,61,0,0,0,0,0
206565940727513088,29073662,1475,829,"Sun May 27 05:02:12 EEST 2012",0,0,0,0,1,0,0,0,0,0.0,0.058823529411764705,0.0,0.0,0,0,0,0,0,10,72,0,0,0,0,-1
204957911678582785,539336445,47,41,"Tue May 22 18:32:28 EEST 2012",2,0,1,0,0,0,0,0,0,0.0,0.0,0.0,0.0,0,0,0,0,0,2,28,0,0,0,0,0
206892626379685888,556082764,309,408,"Mon May 28 02:40:20 EEST 2012",3,0,0,1,0,0,0,0,0,0.06666666666666667,0.0,0.0,0.0,1,0,0,0,0,2,64,0,0,0,0,0
202628248180498432,242123161,303,298,"Wed May 16 08:15:13 EEST 2012",1,0,0,0,0,0,0,0,0,0.0,0.0,0.0,0.0,0,0,0,0,0,3,20,0,0,0,0,0
202549156303212544,83995820,70,210,"Wed May 16 03:00:56 EEST 2012",0,0,0,1,0,0,0,0,0,0.16666666666666666,0.0,0.0,0.0,0,0,0,0,1,23,11,0,0,0,0,1
202605443867082752,225310837,716,692,"Wed May 16 06:44:36 EEST 2012",0,0,0,0,0,0,0,0,0,0.0,0.0,0.0,0.0,0,0,0,0,0,6,30,0,0,0,0,0
206490191333040128,591244421,0,4,"Sun May 27 00:01:12 EEST 2012",0,0,1,0,0,0,0,0,0,0.0,0.0,0.0,0.0,0,0,0,0,0,12,47,0,0,0,0,0
204385737272082433,28942876,128,140,"Mon May 21 04:38:51 EEST 2012",0,0,0,0,0,0,0,0,0,0.0,0.0,0.0,0.0,0,0,0,0,0,1,27,0,0,0,0,0
204194623684481024,292394039,175,228,"Sun May 20 15:59:26 EEST 2012",0,0,0,0,1,0,0,1,0,0.0,0.05555555555555555,0.0,0.0,0,0,0,0,0,3,69,0,0,0,0,1
206951237638303745,246581588,191,169,"Mon May 28 06:33:14 EEST 2012",1,0,0,1,0,0,0,1,0,0.05555555555555555,0.0,0.0,0.0,1,0,0,0,2,2,67,0,0,0,0,1
205831371107733505,364517994,126,360,"Fri May 25 04:23:17 EEST 2012",0,0,0,2,0,0,0,0,0,0.09523809523809523,0.0,0.0,0.0,0,0,1,0,0,3,81,1,0,0,0,1
204362879045079040,27921338,101600,3290,"Mon May 21 03:08:01 EEST 2012",41,0,2,0,0,0,0,0,0,0.0,0.0,0.0,0.0,0,0,2,0,0,12,88,0,0,0,0,0
206779632039624704,42916779,2619,239,"Sun May 27 19:11:20 EEST 2012",0,0,0,0,1,0,0,0,1,0.0,0.1,0.0,0.0,1,0,0,0,1,1,33,0,0,0,1,-1
205766382091112448,29537319,594296,53,"Fri May 25 00:05:03 EEST 2012",458,0,0,0,0,0,0,0,0,0.0,0.0,0.0,0.0,0,0,0,0,1,1,54,0,0,0,0,0
205381825537908739,181347252,570,554,"Wed May 23 22:36:57 EEST 2012",1,0,0,0,0,0,0,0,0,0.0,0.0,0.0,0.0,0,1,0,0,0,9,18,0,0,0,0,0
205414453058093057,289545524,406,1033,"Thu May 24 00:46:36 EEST 2012",0,0,0,1,0,0,0,0,0,0.09090909090909091,0.0,0.0,0.0,0,0,1,0,0,2,58,0,0,0,0,1
202682803618451456,399101650,246,187,"Wed May 16 11:52:00 EEST 2012",0,0,0,0,0,1,0,0,0,0.0,0.0,0.037037037037037035,0.0,0,0,0,0,0,0,101,0,0,0,0,0
204334965004054529,380178751,24,107,"Mon May 21 01:17:06 EEST 2012",0,0,0,0,1,0,0,0,0,0.0,0.058823529411764705,0.0,0.0,0,2,3,0,0,24,45,0,0,0,0,-1
202688470139928577,491129527,151,291,"Wed May 16 12:14:31 EEST 2012",0,0,0,0,0,0,0,0,0,0.0,0.0,0.0,0.0,0,0,0,4,0,8,76,0,0,0,0,-1
203832227317022720,426097607,3484,184,"Sat May 19 15:59:24 EEST 2012",100,0,0,0,0,0,0,0,0,0.0,0.0,0.0,0.0,0,0,1,0,1,15,64,0,0,0,0,0
202666512958492672,95518015,58,0,"Wed May 16 10:47:16 EEST 2012",0,0,1,0,0,0,0,0,0,0.0,0.0,0.0,0.0,0,1,0,0,0,19,60,0,0,0,0,0
204378187306766338,230978706,2023,976,"Mon May 21 04:08:51 EEST 2012",1,0,0,1,0,0,0,0,0,0.16666666666666666,0.0,0.0,0.0,0,0,0,0,0,4,31,1,0,0,0,1
205492482287472640,169211965,633,830,"Thu May 24 05:56:40 EEST 2012",1,0,0,0,0,0,1,0,1,0.0,0.0,0.0,0.05263157894736842,1,0,0,0,0,2,76,0,0,0,0,-1
204268967773208576,175773155,1498,433,"Sun May 20 20:54:51 EEST 2012",0,0,0,0,0,0,0,0,0,0.0,0.0,0.0,0.0,0,0,0,0,0,3,22,0,0,0,0,0
206819801975373824,15402411,301,289,"Sun May 27 21:50:57 EEST 2012",1,0,0,0,0,0,0,0,0,0.0,0.0,0.0,0.0,0,0,0,0,0,1,37,0,0,0,0,-1
205448443974524930,20173049,175,576,"Thu May 24 03:01:40 EEST 2012",5094,0,0,0,0,0,1,0,0,0.0,0.0,0.0,0.1111111111111111,0,0,0,0,0,8,32,0,0,0,0,0
206657959525236736,378724489,342,355,"Sun May 27 11:07:51 EEST 2012",0,0,1,0,0,0,0,0,0,0.0,0.0,0.0,0.0,0,0,0,0,1,8,83,0,0,0,0,0
206997500928851969,105119490,8317750,2715,"Mon May 28 09:37:04 EEST 2012",16552,0,1,0,0,1,0,0,0,0.0,0.0,0.1,0.0,0,0,1,0,0,7,44,0,0,0,0,0
206024741113430018,396260882,543,528,"Fri May 25 17:11:40 EEST 2012",1,0,0,1,0,0,0,0,0,0.07142857142857142,0.0,0.0,0.0,0,1,1,0,0,7,41,0,0,0,0,0
204014318893793281,425950700,526,399,"Sun May 20 04:02:58 EEST 2012",0,0,0,0,0,0,0,0,0,0.0,0.0,0.0,0.0,0,3,0,0,0,0,26,0,0,0,0,1
205502152037240833,501141187,486,474,"Thu May 24 06:35:05 EEST 2012",0,0,0,0,0,0,0,0,0,0.0,0.0,0.0,0.0,0,0,0,0,1,1,12,0,0,0,0,1
202731193496641537,138544826,739,639,"Wed May 16 15:04:17 EEST 2012",0,0,0,0,0,1,0,0,0,0.0,0.0,0.3333333333333333,0.0,0,0,0,0,0,2,12,0,0,0,0,0
206899480010829826,281621761,846,826,"Mon May 28 03:07:34 EEST 2012",1,0,0,0,0,0,0,0,0,0.0,0.0,0.0,0.0,0,1,0,0,0,25,73,0,0,0,0,0
206811420678037504,201771159,496,482,"Sun May 27 21:17:39 EEST 2012",0,0,0,2,0,0,0,0,0,0.09523809523809523,0.0,0.0,0.0,0,4,1,1,0,9,85,0,0,0,0,0
206025760446750720,111229369,214,135,"Fri May 25 17:15:43 EEST 2012",0,0,0,0,0,0,0,0,0,0.0,0.0,0.0,0.0,0,0,0,0,0,1,37,0,0,0,0,0
205026685467365376,251861916,475,387,"Tue May 22 23:05:45 EEST 2012",1,0,0,0,0,0,0,0,0,0.0,0.0,0.0,0.0,0,2,0,0,0,34,75,0,0,0,0,0
206468393509990400,79712597,286,707,"Sat May 26 22:34:35 EEST 2012",0,0,0,0,0,0,0,0,0,0.0,0.0,0.0,0.0,0,0,2,0,0,2,20,0,0,0,0,1
204046069926072320,574734019,11,74,"Sun May 20 06:09:08 EEST 2012",0,0,0,0,0,0,0,0,0,0.0,0.0,0.0,0.0,0,0,0,0,0,3,4,0,0,0,0,0
204215095922921473,287338859,549,152,"Sun May 20 17:20:47 EEST 2012",0,0,0,0,0,0,0,0,0,0.0,0.0,0.0,0.0,0,0,1,0,0,1,6,0,0,0,0,1
206644129172701184,329953296,504,176,"Sun May 27 10:12:54 EEST 2012",2,0,0,0,0,1,0,0,0,0.0,0.0,0.16666666666666666,0.0,0,1,0,0,0,1,25,0,0,1,0,1
204035022074806272,328508574,468,1115,"Sun May 20 05:25:14 EEST 2012",0,0,1,0,0,0,0,0,0,0.0,0.0,0.0,0.0,0,0,0,0,0,4,15,0,0,0,0,0
206919411267944448,369602930,445,259,"Mon May 28 04:26:46 EEST 2012",1,0,1,0,0,0,0,0,0,0.0,0.0,0.0,0.0,0,0,0,0,0,11,31,0,0,0,0,0
204401302254530560,401371542,390,253,"Mon May 21 05:40:42 EEST 2012",0,0,0,0,0,0,0,0,0,0.0,0.0,0.0,0.0,0,0,0,0,0,9,0,0,0,0,0,1
202522031718268928,178646703,937,650,"Wed May 16 01:13:09 EEST 2012",0,0,0,0,0,0,0,0,0,0.0,0.0,0.0,0.0,0,0,1,0,0,5,15,0,0,0,0,-1
204126600382521344,221180261,297,201,"Sun May 20 11:29:08 EEST 2012",0,0,0,0,0,0,0,0,0,0.0,0.0,0.0,0.0,0,7,24,0,0,9,80,0,0,0,0,1
204441483619745794,544642823,210,343,"Mon May 21 08:20:22 EEST 2012",3,0,0,1,0,0,0,0,0,0.1,0.0,0.0,0.0,0,0,0,0,0,8,52,0,0,0,0,0
206448212830195713,164051712,34085,310,"Sat May 26 21:14:24 EEST 2012",67,0,0,0,0,0,0,0,0,0.0,0.0,0.0,0.0,0,0,0,0,2,6,60,1,0,0,0,0
206986687925071872,233911068,3,0,"Mon May 28 08:54:06 EEST 2012",0,0,0,0,0,0,0,0,0,0.0,0.0,0.0,0.0,0,0,0,0,0,1,11,0,0,0,0,0
206731456381321216,317349603,4670,3721,"Sun May 27 15:59:54 EEST 2012",0,0,0,0,0,0,0,1,0,0.0,0.0,0.0,0.0,0,0,0,0,0,11,35,1,0,0,0,1
205826312865198080,500462641,420,202,"Fri May 25 04:03:11 EEST 2012",0,0,0,0,0,0,0,1,0,0.0,0.0,0.0,0.0,0,1,0,0,0,12,0,0,0,0,0,1
206855708317188097,28917347,186,752,"Mon May 28 00:13:38 EEST 2012",0,0,0,0,0,0,0,1,0,0.0,0.0,0.0,0.0,0,9,4,0,0,6,30,1,0,1,0,1
207037270878986240,209708391,8525442,2090,"Mon May 28 12:15:07 EEST 2012",6348,0,2,0,0,0,0,0,0,0.0,0.0,0.0,0.0,0,0,1,0,1,23,40,0,0,0,0,0
203945630450716672,711803,11819,5138,"Sat May 19 23:30:02 EEST 2012",3,0,0,0,0,1,0,0,0,0.0,0.0,0.5,0.0,0,0,0,0,0,1,18,0,0,0,0,1
202728316082470913,27425452,651,214,"Wed May 16 14:52:51 EEST 2012",0,0,1,0,1,0,1,0,0,0.0,0.05263157894736842,0.0,0.05263157894736842,0,1,6,1,1,5,79,0,0,0,0,-1
206599264535715840,69738867,368,621,"Sun May 27 07:14:37 EEST 2012",1,0,0,0,1,0,0,0,0,0.0,0.047619047619047616,0.0,0.0,0,0,0,0,2,1,106,0,0,0,0,0
203978944444235776,386866617,692,673,"Sun May 20 01:42:24 EEST 2012",1,0,0,0,0,0,0,0,0,0.0,0.0,0.0,0.0,0,0,0,0,0,2,20,0,0,0,0,0
202596058289811457,76314837,770,354,"Wed May 16 06:07:19 EEST 2012",1,0,0,0,0,0,0,0,0,0.0,0.0,0.0,0.0,3,0,0,0,3,5,84,0,0,0,0,-1
205293641827233792,15809249,1579118,458391,"Wed May 23 16:46:33 EEST 2012",2946,0,0,1,1,0,0,0,0,0.041666666666666664,0.041666666666666664,0.0,0.0,0,0,0,0,0,2,112,0,0,0,0,0
202581066450604035,252196547,109,117,"Wed May 16 05:07:44 EEST 2012",0,0,0,1,0,0,0,0,0,0.058823529411764705,0.0,0.0,0.0,0,0,0,0,0,2,59,0,0,0,0,0
204081754984820736,27248857,398,359,"Sun May 20 08:30:56 EEST 2012",0,0,0,0,0,0,0,0,0,0.0,0.0,0.0,0.0,0,0,1,0,0,4,4,0,0,0,0,-1
202566610878337024,401482774,105,95,"Wed May 16 04:10:18 EEST 2012",1,0,0,0,0,2,0,0,0,0.0,0.0,0.3333333333333333,0.0,0,0,0,0,0,0,34,0,0,0,0,0
206575336039776256,490975373,171,167,"Sun May 27 05:39:32 EEST 2012",1,0,0,0,0,0,0,0,0,0.0,0.0,0.0,0.0,0,0,0,0,0,0,18,0,0,0,0,-1
204441882196049920,329812641,540,571,"Mon May 21 08:21:57 EEST 2012",1,0,0,0,0,0,0,0,0,0.0,0.0,0.0,0.0,0,2,1,0,0,5,70,0,0,0,0,0
206546365831069698,549604924,27,69,"Sun May 27 03:44:25 EEST 2012",0,0,0,0,0,0,0,0,0,0.0,0.0,0.0,0.0,0,0,0,0,0,1,8,0,0,0,0,0
206509447458205696,417007509,92,238,"Sun May 27 01:17:43 EEST 2012",3,0,0,0,0,0,0,0,0,0.0,0.0,0.0,0.0,0,0,1,0,0,14,8,0,0,0,0,1
202720315606962177,427369357,9805,732,"Wed May 16 14:21:04 EEST 2012",3,0,0,0,0,0,1,0,0,0.0,0.0,0.0,0.07142857142857142,0,0,0,0,0,1,60,0,0,0,0,-1
207043017406808065,473514364,83,103,"Mon May 28 12:37:56 EEST 2012",0,0,0,0,0,0,0,0,0,0.0,0.0,0.0,0.0,0,0,0,0,0,3,39,0,0,0,0,-1
205110605005336576,298095254,236,237,"Wed May 23 04:39:13 EEST 2012",0,0,0,0,0,0,0,0,0,0.0,0.0,0.0,0.0,0,0,1,0,0,8,61,1,0,0,0,-1
205851424125485056,67205835,1382,1458,"Fri May 25 05:42:58 EEST 2012",0,0,0,0,0,0,0,0,0,0.0,0.0,0.0,0.0,0,0,0,0,0,1,19,0,0,0,0,1
206615198675632128,547188461,436,171,"Sun May 27 08:17:56 EEST 2012",1,0,0,0,0,0,0,0,0,0.0,0.0,0.0,0.0,1,0,0,0,1,3,37,0,0,0,0,0
202646103391338496,335120162,191,174,"Wed May 16 09:26:10 EEST 2012",1,0,0,0,0,0,0,0,0,0.0,0.0,0.0,0.0,0,0,2,0,0,5,54,0,0,0,0,0
206022337726910465,572023331,374,248,"Fri May 25 17:02:07 EEST 2012",0,0,0,0,0,0,0,0,0,0.0,0.0,0.0,0.0,0,1,0,1,0,0,18,0,0,0,0,0
206915682686877696,314306628,710,361,"Mon May 28 04:11:57 EEST 2012",3,0,0,0,0,0,0,0,0,0.0,0.0,0.0,0.0,0,0,0,0,0,0,38,0,0,0,0,-1
206606587794690049,204106080,168,203,"Sun May 27 07:43:43 EEST 2012",0,0,0,1,0,0,0,0,0,0.06666666666666667,0.0,0.0,0.0,0,0,0,0,1,3,59,0,0,0,0,-1
204261233673781249,130738665,485,117,"Sun May 20 20:24:07 EEST 2012",1,0,0,2,0,0,0,0,0,0.2857142857142857,0.0,0.0,0.0,0,0,0,0,0,1,29,0,0,0,0,0
205463224680841217,231928875,1323,1127,"Thu May 24 04:00:24 EEST 2012",0,0,0,1,0,0,0,0,0,0.25,0.0,0.0,0.0,0,1,0,0,0,2,12,0,0,0,0,1
205909267776155648,53711382,37,97,"Fri May 25 09:32:49 EEST 2012",0,0,0,0,1,0,0,1,0,0.0,0.07142857142857142,0.0,0.0,0,1,1,0,1,3,53,0,0,0,0,-1
205291350546055172,42465008,3049,1862,"Wed May 23 16:37:26 EEST 2012",3,0,0,0,0,0,0,0,0,0.0,0.0,0.0,0.0,0,1,0,0,0,8,66,0,0,0,0,0
205360809537314817,30817647,38639,156,"Wed May 23 21:13:27 EEST 2012",15,0,0,0,0,1,0,1,0,0.0,0.0,0.045454545454545456,0.0,0,0,2,0,0,6,103,0,0,0,0,1
206932094226669568,337375231,542,391,"Mon May 28 05:17:10 EEST 2012",2,0,0,0,0,0,0,0,0,0.0,0.0,0.0,0.0,1,0,0,0,1,0,40,0,0,0,0,-1
202576356435968002,386087898,99,88,"Wed May 16 04:49:01 EEST 2012",0,0,0,0,1,0,0,0,0,0.0,0.14285714285714285,0.0,0.0,0,0,0,0,0,1,20,0,0,0,0,1
202514192496984065,57730432,185,873,"Wed May 16 00:42:00 EEST 2012",0,0,1,0,0,0,0,0,0,0.0,0.0,0.0,0.0,0,0,0,0,1,6,17,0,0,0,0,0
204218766035390464,448367139,987,1334,"Sun May 20 17:35:22 EEST 2012",0,0,0,3,0,0,0,1,0,0.15,0.0,0.0,0.0,0,0,2,0,0,9,105,0,0,0,0,1
206678364541558784,132419884,7755,8903,"Sun May 27 12:28:56 EEST 2012",0,0,1,0,0,0,0,0,0,0.0,0.0,0.0,0.0,0,0,0,0,0,7,26,0,0,0,0,0
206538816113213441,302966265,307,310,"Sun May 27 03:14:25 EEST 2012",53,0,0,0,0,1,0,2,0,0.0,0.0,0.03571428571428571,0.0,0,1,0,0,2,11,90,0,0,0,0,0
205480505251086336,532543615,353,835,"Thu May 24 05:09:04 EEST 2012",0,0,0,0,0,0,0,0,0,0.0,0.0,0.0,0.0,0,4,0,0,0,1,25,0,0,0,0,1
203954432755511296,14338900,1716,898,"Sun May 20 00:05:00 EEST 2012",0,0,0,0,0,0,0,0,0,0.0,0.0,0.0,0.0,0,0,0,1,0,1,28,0,0,0,0,0
204379097542045699,368746525,40,45,"Mon May 21 04:12:28 EEST 2012",0,0,0,0,0,0,0,0,0,0.0,0.0,0.0,0.0,0,0,0,1,0,1,23,0,0,0,0,0
204431182300069888,37584929,819,669,"Mon May 21 07:39:26 EEST 2012",0,0,0,0,0,0,0,0,0,0.0,0.0,0.0,0.0,0,1,0,0,0,0,12,1,0,0,0,1
206932350725140480,27310632,1143,1552,"Mon May 28 05:18:11 EEST 2012",0,0,0,0,0,0,0,0,0,0.0,0.0,0.0,0.0,0,3,3,0,1,9,8,0,0,0,0,1
205117529918685188,157239534,460,412,"Wed May 23 05:06:44 EEST 2012",0,0,0,0,0,0,0,0,0,0.0,0.0,0.0,0.0,0,0,0,0,0,1,6,0,0,0,0,-1
206605006177173505,359593903,1129,1104,"Sun May 27 07:37:26 EEST 2012",1,0,0,1,0,0,0,0,0,0.08333333333333333,0.0,0.0,0.0,0,0,0,0,0,26,28,0,0,0,0,1
202613144760233984,364833721,168,94,"Wed May 16 07:15:12 EEST 2012",0,0,1,0,0,0,0,0,0,0.0,0.0,0.0,0.0,0,0,1,0,0,7,38,0,0,0,0,0
205466164774715392,256269520,293,177,"Thu May 24 04:12:05 EEST 2012",2,0,0,0,0,0,1,0,0,0.0,0.0,0.0,0.14285714285714285,0,0,0,0,0,3,28,0,0,0,0,-1
204186063013556224,78930045,421,167,"Sun May 20 15:25:25 EEST 2012",0,0,0,0,0,0,0,0,0,0.0,0.0,0.0,0.0,0,1,0,0,0,0,34,0,0,0,0,0
205419339648737280,299451466,1049,298,"Thu May 24 01:06:01 EEST 2012",0,0,0,0,0,0,0,0,0,0.0,0.0,0.0,0.0,3,0,1,0,5,5,59,0,0,0,0,0
206021482353135616,145576867,1388,691,"Fri May 25 16:58:43 EEST 2012",0,0,0,1,0,0,0,0,0,0.1,0.0,0.0,0.0,0,0,0,0,0,10,51,0,0,0,0,1
205411741801263104,271542162,219,155,"Thu May 24 00:35:50 EEST 2012",2,0,0,0,0,0,0,0,0,0.0,0.0,0.0,0.0,0,0,0,0,0,0,32,0,0,0,0,-1
204371275303497728,452800513,605,151,"Mon May 21 03:41:23 EEST 2012",19,0,0,0,0,0,0,0,0,0.0,0.0,0.0,0.0,0,0,0,1,0,4,28,0,0,0,0,0
206580486468939778,54387487,117349,44,"Sun May 27 06:00:00 EEST 2012",84,0,0,0,0,0,0,0,0,0.0,0.0,0.0,0.0,0,0,0,0,0,2,63,0,0,0,0,0
206876369492258816,199524583,436,373,"Mon May 28 01:35:44 EEST 2012",2,0,0,0,0,0,0,0,0,0.0,0.0,0.0,0.0,0,0,0,0,0,5,40,0,0,0,0,0
205851092821618688,411219060,184,124,"Fri May 25 05:41:39 EEST 2012",0,0,0,0,0,0,0,0,0,0.0,0.0,0.0,0.0,0,0,0,0,0,1,15,0,0,0,0,1
205975780910563328,57295100,327,268,"Fri May 25 13:57:07 EEST 2012",0,0,0,0,0,0,0,0,0,0.0,0.0,0.0,0.0,0,0,0,0,0,0,52,0,0,0,0,-1
206584218812284931,71297990,1308919,1080,"Sun May 27 06:14:50 EEST 2012",212,0,0,0,0,0,0,0,0,0.0,0.0,0.0,0.0,0,1,0,0,0,2,25,0,0,0,0,0
206534438631374848,20261503,44963,7088,"Sun May 27 02:57:02 EEST 2012",1,0,1,0,0,0,0,0,0,0.0,0.0,0.0,0.0,0,0,0,0,0,5,39,0,0,0,0,0
203976717101056001,230860211,892,409,"Sun May 20 01:33:33 EEST 2012",2,0,0,1,0,0,0,0,0,0.16666666666666666,0.0,0.0,0.0,0,0,2,0,0,1,25,0,0,0,0,1
202641199922823168,156509519,160,184,"Wed May 16 09:06:41 EEST 2012",1,0,0,1,0,0,0,0,0,0.14285714285714285,0.0,0.0,0.0,0,0,0,0,1,0,30,0,0,0,0,-1
205874081831190528,25100481,348,246,"Fri May 25 07:13:00 EEST 2012",0,0,0,0,0,0,0,0,0,0.0,0.0,0.0,0.0,0,0,0,0,2,4,85,0,0,0,0,0
204190068531920896,14904523,323,256,"Sun May 20 15:41:20 EEST 2012",0,0,1,0,0,0,0,0,0,0.0,0.0,0.0,0.0,0,0,1,0,3,10,67,0,0,0,0,1
204315356691570688,161906248,914,1408,"Sun May 20 23:59:11 EEST 2012",1,0,0,1,0,0,0,0,0,0.06666666666666667,0.0,0.0,0.0,0,0,0,0,0,7,59,0,0,0,0,0
205470275125510146,200750932,431,270,"Thu May 24 04:28:25 EEST 2012",0,0,0,0,0,0,0,0,0,0.0,0.0,0.0,0.0,0,2,0,0,0,8,0,0,0,0,0,1
204303277075070978,480082704,39,23,"Sun May 20 23:11:11 EEST 2012",0,0,0,1,0,0,0,0,0,0.2,0.0,0.0,0.0,0,0,0,0,0,1,22,0,0,0,0,1
204346289767448576,432078015,55,696,"Mon May 21 02:02:06 EEST 2012",0,0,0,0,0,0,0,0,0,0.0,0.0,0.0,0.0,0,0,1,0,0,0,21,0,0,0,0,1
204370740064169984,48212983,2189,473,"Mon May 21 03:39:16 EEST 2012",3,0,0,1,0,0,0,0,0,0.07692307692307693,0.0,0.0,0.0,0,0,0,0,0,1,50,0,0,0,0,0
206911291380613120,239473752,830,549,"Mon May 28 03:54:30 EEST 2012",0,0,0,0,0,0,0,0,0,0.0,0.0,0.0,0.0,0,0,0,0,0,1,19,0,0,0,0,0
206800964299141120,353416630,508,254,"Sun May 27 20:36:06 EEST 2012",1,0,1,1,0,0,0,0,0,0.1111111111111111,0.0,0.0,0.0,0,0,0,0,0,4,29,0,0,0,0,1
203948418123567104,522052087,640,555,"Sat May 19 23:41:06 EEST 2012",360,0,0,1,0,0,0,0,0,0.14285714285714285,0.0,0.0,0.0,0,0,0,0,0,13,25,0,0,0,0,0
205793362509443073,375887798,299,223,"Fri May 25 01:52:15 EEST 2012",2,0,0,0,0,0,0,0,0,0.0,0.0,0.0,0.0,0,0,0,0,0,1,18,0,0,0,0,0
202579334622478336,453510918,816106,1776,"Wed May 16 05:00:51 EEST 2012",2548,0,0,0,0,0,0,0,0,0.0,0.0,0.0,0.0,0,0,0,0,1,5,51,0,0,0,0,0
202732883729854464,431250809,261,220,"Wed May 16 15:11:00 EEST 2012",0,0,0,0,0,0,0,0,0,0.0,0.0,0.0,0.0,0,0,0,0,0,2,12,0,0,0,1,-1
205870571228114944,395041176,210,204,"Fri May 25 06:59:03 EEST 2012",0,0,0,0,0,0,0,0,0,0.0,0.0,0.0,0.0,0,0,0,0,0,4,54,0,0,0,0,0
204194019541131265,304450531,567,271,"Sun May 20 15:57:02 EEST 2012",1,0,0,1,0,1,0,0,0,0.06666666666666667,0.0,0.06666666666666667,0.0,2,1,0,0,0,5,48,0,0,0,0,0
205104347242180609,523886195,614,59,"Wed May 23 04:14:21 EEST 2012",2,0,0,2,1,0,0,0,0,0.1,0.05,0.0,0.0,0,0,0,0,1,4,81,0,0,0,0,-1
204087696887513088,375533712,91,123,"Sun May 20 08:54:33 EEST 2012",1,0,1,0,0,0,0,0,0,0.0,0.0,0.0,0.0,0,0,0,0,1,8,58,0,0,0,0,0
203982857373351936,119290499,1826,2004,"Sun May 20 01:57:57 EEST 2012",0,0,0,1,0,0,2,0,0,0.047619047619047616,0.0,0.0,0.09523809523809523,0,0,0,0,0,3,86,0,0,0,0,-1
202578176570957825,195481492,78,244,"Wed May 16 04:56:15 EEST 2012",0,0,0,0,0,0,2,0,1,0.0,0.0,0.0,0.3333333333333333,0,0,1,0,1,1,27,0,0,0,0,-1
205858218763747328,88586282,333,158,"Fri May 25 06:09:58 EEST 2012",0,0,0,2,0,0,0,0,0,0.2857142857142857,0.0,0.0,0.0,0,0,2,0,1,2,36,0,0,0,0,1
206843276546940928,180026716,48345,4067,"Sun May 27 23:24:14 EEST 2012",25,0,0,0,1,0,0,0,0,0.0,0.16666666666666666,0.0,0.0,0,0,0,0,0,2,34,0,0,0,0,-1
205824723383365633,29277393,37,60,"Fri May 25 03:56:52 EEST 2012",0,0,0,0,1,0,0,0,0,0.0,0.07142857142857142,0.0,0.0,0,0,0,0,0,3,47,0,0,0,0,-1
206630335679709184,23043280,71,236,"Sun May 27 09:18:05 EEST 2012",0,0,1,0,0,0,0,0,0,0.0,0.0,0.0,0.0,0,0,0,0,0,3,17,0,0,0,0,0
205057849179635714,380160106,787,635,"Wed May 23 01:09:35 EEST 2012",989,0,0,1,1,1,0,0,0,0.047619047619047616,0.047619047619047616,0.047619047619047616,0.0,0,0,0,0,0,13,67,0,0,0,0,0
207015787930726401,44733150,4643,678,"Mon May 28 10:49:44 EEST 2012",0,0,0,0,0,0,0,0,0,0.0,0.0,0.0,0.0,0,1,0,0,0,3,51,0,0,1,0,1
204207429091737601,182725624,10,79,"Sun May 20 16:50:19 EEST 2012",1949,0,0,0,0,0,0,0,0,0.0,0.0,0.0,0.0,1,0,0,1,3,7,87,0,0,0,0,0
202552449498746880,24608909,18155,2281,"Wed May 16 03:14:01 EEST 2012",3,0,0,0,0,0,0,0,0,0.0,0.0,0.0,0.0,0,1,0,0,1,9,75,0,0,0,0,0
206645569534443520,32616758,104,233,"Sun May 27 10:18:37 EEST 2012",0,0,0,0,0,0,0,0,0,0.0,0.0,0.0,0.0,0,0,0,0,0,0,34,0,0,0,0,0
206553709893787648,34948696,193,135,"Sun May 27 04:13:36 EEST 2012",0,0,0,1,0,0,0,0,0,0.25,0.0,0.0,0.0,0,1,0,0,0,1,21,0,0,0,0,1
205441050117017600,403700245,644,432,"Thu May 24 02:32:17 EEST 2012",1,0,0,0,1,0,0,0,0,0.0,0.14285714285714285,0.0,0.0,0,1,4,0,0,8,19,0,0,0,0,-1
202733020992638977,35787166,15245780,1992,"Wed May 16 15:11:33 EEST 2012",1315,0,0,2,0,1,0,0,0,0.125,0.0,0.0625,0.0,0,11,24,0,0,5,81,0,0,0,0,1