206869046149390338,127964415,623,1380,"Mon May 28 01:06:38 EEST 2012",55,0,0,2,0,0,0,0,0,0.10526315789473684,0.0,0.0,0.0,0,3,0,0,0,24,61,0,0,0,0,0
205886655515725824,155805879,550,295,"Fri May 25 08:02:58 EEST 2012",1,0,0,1,0,0,0,0,0,0.125,0.0,0.0,0.0,0,0,0,0,0,3,39,0,0,0,0,0
203990193223647232,114119906,261,205,"Sun May 20 02:27:06 EEST 2012",0,0,0,0,1,0,0,0,0,0.0,0.14285714285714285,0.0,0.0,0,0,0,0,0,2,28,0,0,0,0,0
205109221036007424,278173399,1094,1159,"Wed May 23 04:33:43 EEST 2012",16,0,0,0,0,0,0,0,0,0.0,0.0,0.0,0.0,0,0,0,0,1,2,67,0,0,0,0,0
206545627549675520,321192616,265,126,"Sun May 27 03:41:29 EEST 2012",1,0,0,0,0,0,0,0,0,0.0,0.0,0.0,0.0,0,0,2,0,0,5,40,0,0,0,0,0
204077443160616960,509552253,131,130,"Sun May 20 08:13:48 EEST 2012",0,0,0,0,0,0,0,0,0,0.0,0.0,0.0,0.0,0,1,0,0,0,1,5,0,0,0,0,0
207061963325440001,350264081,369,349,"Mon May 28 13:53:13 EEST 2012",2,0,0,1,0,0,0,0,0,0.2,0.0,0.0,0.0,0,1,0,0,0,5,11,0,0,0,0,1
206851497168875520,399120454,1154,743,"Sun May 27 23:56:54 EEST 2012",0,0,0,0,0,0,0,0,0,0.0,0.0,0.0,0.0,0,0,0,1,0,0,24,0,0,0,0,0
205515934297890817,458838905,354,241,"Thu May 24 07:29:51 EEST 2012",1,0,0,0,0,0,0,0,0,0.0,0.0,0.0,0.0,1,0,0,0,0,15,13,0,1,0,0,-1
203944223718916099,222907377,179,235,"Sat May 19 23:24:26 EEST 2012",0,0,0,0,0,0,0,0,0,0.0,0.0,0.0,0.0,0,6,0,0,0,20,0,0,0,0,0,1
202577702929174532,303468838,321,384,"Wed May 16 04:54:22 EEST 2012",0,0,0,0,0,0,0,0,0,0.0,0.0,0.0,0.0,4,1,5,0,0,2,19,0,0,0,0,-1
205495638186663936,347631542,858,853,"Thu May 24 06:09:12 EEST 2012",0,0,0,0,0,0,0,0,0,0.0,0.0,0.0,0.0,0,1,0,0,0,1,15,0,0,0,0,1
204251708413575169,531583771,712,996,"Sun May 20 19:46:16 EEST 2012",0,0,0,2,0,1,0,0,0,0.1111111111111111,0.0,0.05555555555555555,0.0,0,0,1,0,1,3,70,1,0,0,0,1
202550892828958722,226789056,349,739,"Wed May 16 03:07:50 EEST 2012",1,0,0,1,1,0,0,0,0,0.1111111111111111,0.1111111111111111,0.0,0.0,1,0,1,0,0,33,11,0,0,0,0,-1
203976330671431680,345877133,10121,33,"Sun May 20 01:32:01 EEST 2012",3,0,1,0,0,0,0,0,0,0.0,0.0,0.0,0.0,1,0,1,1,2,6,57,0,0,0,0,0
206788821776465924,246603018,418,327,"Sun May 27 19:47:51 EEST 2012",7,0,0,0,0,0,1,0,0,0.0,0.0,0.0,0.1111111111111111,0,0,0,0,0,1,30,0,0,0,0,-1
205033270533029888,199135947,1657,1097,"Tue May 22 23:31:55 EEST 2012",1,0,0,0,0,0,0,0,0,0.0,0.0,0.0,0.0,0,0,0,0,0,7,25,0,1,0,0,-1
204185668878991361,269427482,736,766,"Sun May 20 15:23:51 EEST 2012",67,0,0,0,1,0,0,0,0,0.0,0.05555555555555555,0.0,0.0,1,0,0,0,3,11,73,0,1,0,0,-1
206463792656285696,215445328,254,278,"Sat May 26 22:16:18 EEST 2012",2330,0,0,0,0,0,2,0,0,0.0,0.0,0.0,0.1,0,0,0,0,2,6,84,0,0,0,0,-1
203950183841677314,566696535,133,772,"Sat May 19 23:48:07 EEST 2012",3,0,0,0,0,0,0,0,0,0.0,0.0,0.0,0.0,0,1,2,0,0,22,12,0,0,0,0,1
204926219198799872,84207170,1237,1098,"Tue May 22 16:26:32 EEST 2012",0,0,0,0,0,0,0,0,0,0.0,0.0,0.0,0.0,0,0,0,2,0,3,26,0,0,0,0,0
206026171228487680,152354479,189,304,"Fri May 25 17:17:21 EEST 2012",0,0,1,0,0,0,0,0,0,0.0,0.0,0.0,0.0,0,0,0,0,0,13,50,0,0,0,0,0
206623041919258625,564183189,8,247,"Sun May 27 08:49:06 EEST 2012",0,0,0,0,0,0,0,1,0,0.0,0.0,0.0,0.0,0,15,40,0,1,46,0,0,0,0,0,1
205089772195155969,185824981,29,79,"Wed May 23 03:16:26 EEST 2012",0,0,0,1,0,0,0,0,0,0.0625,0.0,0.0,0.0,0,0,0,0,0,8,61,0,0,0,0,0
204068542788808705,419191918,501,367,"Sun May 20 07:38:26 EEST 2012",0,0,0,1,0,0,1,0,0,0.05555555555555555,0.0,0.0,0.05555555555555555,0,1,0,0,0,1,70,0,0,0,0,-1
205105194650976260,378478561,574,344,"Wed May 23 04:17:43 EEST 2012",2,0,0,1,0,0,1,0,0,0.1,0.0,0.0,0.1,0,0,0,0,0,3,39,0,0,0,0,1
203956970473000962,220064417,162,172,"Sun May 20 00:15:05 EEST 2012",125,0,0,1,0,0,0,0,0,0.058823529411764705,0.0,0.0,0.0,0,0,0,0,1,8,64,0,0,0,0,0
206929670615207941,379582427,2019,1933,"Mon May 28 05:07:32 EEST 2012",0,0,0,0,0,0,0,0,0,0.0,0.0,0.0,0.0,1,0,0,0,0,1,14,0,0,0,0,0
204256100504182785,243696258,394,331,"Sun May 20 20:03:43 EEST 2012",1,0,0,0,1,0,0,0,0,0.0,0.038461538461538464,0.0,0.0,0,0,0,0,0,2,109,0,0,0,0,0
206502367598874625,221856284,149,272,"Sun May 27 00:49:35 EEST 2012",1,0,0,0,0,0,1,0,0,0.0,0.0,0.0,0.16666666666666666,0,0,0,0,0,2,17,0,0,0,0,-1
204066290418200577,146781702,66,67,"Sun May 20 07:29:29 EEST 2012",0,0,0,0,2,0,0,0,0,0.0,0.11764705882352941,0.0,0.0,0,0,0,0,0,1,56,0,0,0,0,-1
206000777511174144,115911365,432,421,"Fri May 25 15:36:27 EEST 2012",1,0,0,0,0,0,0,1,0,0.0,0.0,0.0,0.0,0,1,4,0,1,4,45,1,0,0,0,1
205052283199827968,265480749,303,158,"Wed May 23 00:47:28 EEST 2012",0,0,0,1,0,0,0,0,0,0.25,0.0,0.0,0.0,0,2,5,0,0,0,18,0,0,0,0,1
202723077187055617,304347395,197,517,"Wed May 16 14:32:02 EEST 2012",0,0,1,0,0,0,0,0,0,0.0,0.0,0.0,0.0,0,1,0,0,1,7,71,0,0,0,0,0
206908493813391362,386923905,449,392,"Mon May 28 03:43:23 EEST 2012",0,0,0,0,1,0,0,0,0,0.0,0.16666666666666666,0.0,0.0,0,1,0,0,0,1,15,0,0,0,0,-1
205099251204755458,383519940,581,481,"Wed May 23 03:54:06 EEST 2012",1,0,0,0,1,0,0,0,0,0.0,0.2,0.0,0.0,0,0,0,0,0,4,18,0,0,0,0,-1
205523997205606400,232658181,749,572,"Thu May 24 08:01:54 EEST 2012",2,0,0,0,0,0,0,0,0,0.0,0.0,0.0,0.0,1,0,0,0,1,1,27,0,0,0,0,0
206844231430574081,422879287,69882,27464,"Sun May 27 23:28:02 EEST 2012",25,0,0,0,0,0,0,0,0,0.0,0.0,0.0,0.0,0,0,0,0,1,1,89,0,0,0,0,0
205413279642816513,301810435,1290,380,"Thu May 24 00:41:56 EEST 2012",3,0,0,0,0,1,0,0,0,0.0,0.0,0.2,0.0,0,0,0,0,0,1,17,0,0,0,0,0
207011455474737152,522470512,279,395,"Mon May 28 10:32:31 EEST 2012",0,0,0,0,0,0,0,0,0,0.0,0.0,0.0,0.0,0,0,0,0,1,0,40,1,0,0,0,1
205139513473900544,555726213,3076,3309,"Wed May 23 06:34:06 EEST 2012",145,0,1,0,0,0,0,0,0,0.0,0.0,0.0,0.0,0,0,0,0,0,10,24,0,0,1,0,1
206493349706858496,298731412,132,246,"Sun May 27 00:13:45 EEST 2012",0,0,0,0,0,0,0,0,0,0.0,0.0,0.0,0.0,0,0,0,0,0,4,12,0,0,1,0,1
204958523979866113,25168967,15567,112,"Tue May 22 18:34:54 EEST 2012",0,0,0,0,0,0,0,0,0,0.0,0.0,0.0,0.0,0,1,0,0,0,4,13,0,0,0,0,0
202586256545292289,484896311,533,999,"Wed May 16 05:28:22 EEST 2012",2,0,0,0,0,0,0,0,0,0.0,0.0,0.0,0.0,0,0,0,0,0,3,88,0,0,0,0,0
205849985332416512,415239853,321,267,"Fri May 25 05:37:15 EEST 2012",1,0,0,0,0,0,1,0,0,0.0,0.0,0.0,0.2,0,0,0,0,0,7,19,0,0,0,0,-1
204354611274985474,264153417,445,765,"Mon May 21 02:35:10 EEST 2012",0,0,1,0,0,0,0,0,0,0.0,0.0,0.0,0.0,0,0,0,0,0,4,25,0,0,0,0,0
202622980403118080,138536756,1520,1779,"Wed May 16 07:54:17 EEST 2012",0,0,0,1,0,0,0,0,0,0.09090909090909091,0.0,0.0,0.0,1,0,0,0,1,1,37,0,0,0,0,0
204979533294739457,180781620,516,376,"Tue May 22 19:58:23 EEST 2012",0,0,0,0,0,0,0,0,0,0.0,0.0,0.0,0.0,0,0,0,0,0,0,40,0,0,1,0,0
205426423740121090,358537066,259,229,"Thu May 24 01:34:10 EEST 2012",0,0,0,0,0,0,0,0,0,0.0,0.0,0.0,0.0,0,0,0,0,0,1,13,0,0,0,0,0
204256769244004352,255636310,411,140,"Sun May 20 20:06:23 EEST 2012",4,0,0,0,0,0,1,0,0,0.0,0.0,0.0,0.05555555555555555,0,0,0,0,0,1,77,0,0,0,0,-1
204287095680933888,41731572,301,644,"Sun May 20 22:06:53 EEST 2012",0,0,0,1,0,0,0,1,0,0.058823529411764705,0.0,0.0,0.0,0,0,0,0,0,4,70,0,0,0,0,1
206927300997029888,353391268,411,95,"Mon May 28 04:58:07 EEST 2012",0,0,0,0,0,0,0,0,0,0.0,0.0,0.0,0.0,0,3,0,0,0,1,17,0,0,0,0,0
205496212797919232,176547638,47,46,"Thu May 24 06:11:29 EEST 2012",0,0,0,0,1,0,0,0,0,0.0,0.5,0.0,0.0,0,1,0,0,0,1,10,0,0,0,0,-1
205016531338412032,219067181,68,129,"Tue May 22 22:25:24 EEST 2012",0,0,0,0,0,0,0,0,0,0.0,0.0,0.0,0.0,0,2,0,0,0,1,21,0,0,0,0,1
204915955904692224,118720678,808,613,"Tue May 22 15:45:45 EEST 2012",0,0,0,0,0,0,0,2,0,0.0,0.0,0.0,0.0,0,0,0,0,0,9,38,0,0,0,0,1
205506206423449600,412277131,302,262,"Thu May 24 06:51:12 EEST 2012",3,0,0,0,0,0,0,0,0,0.0,0.0,0.0,0.0,0,0,0,0,0,1,32,0,0,0,0,0
206590171020402690,273446450,196,154,"Sun May 27 06:38:29 EEST 2012",0,0,0,0,0,0,0,0,0,0.0,0.0,0.0,0.0,1,0,0,1,1,1,25,0,0,0,0,0
202531942808289281,484372127,802,1248,"Wed May 16 01:52:32 EEST 2012",2074,0,0,0,0,0,0,0,0,0.0,0.0,0.0,0.0,2,0,0,0,2,10,47,0,0,0,0,0
204406901511954434,23591896,320,729,"Mon May 21 06:02:57 EEST 2012",2,0,0,0,0,0,0,0,0,0.0,0.0,0.0,0.0,0,0,0,1,0,5,37,0,0,0,0,0
204321509978812416,44732651,50,128,"Mon May 21 00:23:38 EEST 2012",0,0,0,0,0,0,0,0,0,0.0,0.0,0.0,0.0,0,0,0,0,0,1,15,0,1,0,0,-1
206473183619055616,62682040,225,440,"Sat May 26 22:53:37 EEST 2012",0,0,0,1,0,0,0,0,0,0.2,0.0,0.0,0.0,0,0,0,0,0,0,16,1,0,0,0,1
205101482662559744,318880687,592,578,"Wed May 23 04:02:58 EEST 2012",0,0,0,0,1,0,0,0,0,0.0,0.14285714285714285,0.0,0.0,0,0,0,0,0,1,13,0,0,0,1,-1
206975862392889345,36374697,595,675,"Mon May 28 08:11:05 EEST 2012",1,0,0,0,0,0,0,0,0,0.0,0.0,0.0,0.0,0,0,0,0,0,9,55,0,0,0,0,0
205329174645325824,500405693,201,501,"Wed May 23 19:07:44 EEST 2012",0,0,0,0,0,0,0,0,0,0.0,0.0,0.0,0.0,0,0,0,0,0,1,8,0,0,0,0,0
205872088865705986,282295046,317,289,"Fri May 25 07:05:05 EEST 2012",1,0,0,0,0,0,0,0,0,0.0,0.0,0.0,0.0,0,0,0,1,1,2,27,0,0,0,0,0
206926027740561408,31738100,770,498,"Mon May 28 04:53:04 EEST 2012",8,0,0,0,0,0,0,0,0,0.0,0.0,0.0,0.0,0,0,0,1,0,4,20,0,0,0,0,0
205700245261262849,40361744,654,390,"Thu May 24 19:42:14 EEST 2012",2,0,0,0,0,0,0,0,0,0.0,0.0,0.0,0.0,0,0,0,0,0,2,72,0,0,0,0,0
204164923780104192,104774642,73,210,"Sun May 20 14:01:25 EEST 2012",0,0,1,0,0,0,0,0,0,0.0,0.0,0.0,0.0,0,1,0,0,1,9,69,0,0,0,0,0
205431188335235072,105037540,194,558,"Thu May 24 01:53:06 EEST 2012",0,0,1,0,1,0,0,0,0,0.0,0.05,0.0,0.0,0,0,0,0,0,5,90,0,0,0,0,0
204026100953784320,438057627,111,124,"Sun May 20 04:49:47 EEST 2012",1,0,0,0,0,0,0,0,0,0.0,0.0,0.0,0.0,0,0,0,0,0,1,45,0,0,0,0,0
206806974774525954,271955371,175,217,"Sun May 27 20:59:59 EEST 2012",0,0,0,1,0,0,0,0,0,0.3333333333333333,0.0,0.0,0.0,0,0,0,0,0,1,9,0,0,0,0,0
203998754473385984,44922535,433636,0,"Sun May 20 03:01:07 EEST 2012",2151,0,0,2,0,0,0,0,0,0.15384615384615385,0.0,0.0,0.0,0,0,0,0,0,2,46,0,0,0,0,0
202531003460358144,40965358,282,444,"Wed May 16 01:48:48 EEST 2012",2,0,0,0,0,0,0,2,0,0.0,0.0,0.0,0.0,1,1,1,0,0,3,48,0,0,0,0,1
206485435319463937,575560392,0,0,"Sat May 26 23:42:18 EEST 2012",0,0,0,0,0,0,0,0,0,0.0,0.0,0.0,0.0,0,0,2,2,0,0,18,0,0,0,0,0
206997983324147712,237398683,2286,1448,"Mon May 28 09:38:59 EEST 2012",0,0,0,1,0,0,0,0,0,0.25,0.0,0.0,0.0,0,1,2,0,0,3,9,0,0,0,0,0
205852166399856640,244595933,219,106,"Fri May 25 05:45:55 EEST 2012",0,0,0,0,0,0,0,0,0,0.0,0.0,0.0,0.0,0,1,3,0,0,32,8,0,0,0,0,0
204924931790741504,347013939,318,267,"Tue May 22 16:21:25 EEST 2012",0,0,0,1,0,0,1,0,0,0.08333333333333333,0.0,0.0,0.08333333333333333,0,2,1,0,0,1,43,0,0,0,0,1
205317166432653312,522664365,46,88,"Wed May 23 18:20:01 EEST 2012",0,0,0,0,0,0,0,0,0,0.0,0.0,0.0,0.0,0,0,0,0,1,1,49,0,0,0,0,0
204018559486148608,214241148,370,194,"Sun May 20 04:19:49 EEST 2012",0,0,0,0,0,0,0,0,0,0.0,0.0,0.0,0.0,0,1,0,0,0,7,0,0,0,0,0,-1
203965648236326915,499193684,194,255,"Sun May 20 00:49:34 EEST 2012",0,0,0,1,0,0,0,0,0,0.1,0.0,0.0,0.0,0,0,0,0,0,0,39,0,0,0,0,0
206914772535480321,414464919,176,161,"Mon May 28 04:08:20 EEST 2012",2,0,0,0,1,0,0,0,0,0.0,0.25,0.0,0.0,0,0,0,0,0,5,18,0,0,0,0,-1
203926788160765952,411859932,737671,100,"Sat May 19 22:15:09 EEST 2012",305,0,0,0,0,0,0,0,0,0.0,0.0,0.0,0.0,0,0,0,0,2,1,58,0,0,0,0,0
206739899506884610,247826931,719,557,"Sun May 27 16:33:27 EEST 2012",0,0,0,0,0,0,0,0,0,0.0,0.0,0.0,0.0,0,0,0,0,0,7,40,0,0,0,0,0
205067139504291843,465145213,240,522,"Wed May 23 01:46:30 EEST 2012",0,0,0,2,0,0,0,0,0,0.125,0.0,0.0,0.0,0,0,0,0,1,6,66,0,0,1,0,1
204442905077755905,384603051,523,500,"Mon May 21 08:26:01 EEST 2012",1,0,0,0,0,0,0,0,0,0.0,0.0,0.0,0.0,0,0,0,0,0,1,43,0,0,0,0,0
204401935476985858,260536525,585,815,"Mon May 21 05:43:13 EEST 2012",0,0,0,0,0,0,0,0,0,0.0,0.0,0.0,0.0,0,0,0,0,0,3,33,0,0,0,0,0
205267058844377088,416983726,1214251,97,"Wed May 23 15:00:55 EEST 2012",1087,0,0,0,0,1,0,0,0,0.0,0.0,0.08333333333333333,0.0,0,0,0,0,0,1,55,0,0,0,0,0
204414556209033217,208229040,93,126,"Mon May 21 06:33:22 EEST 2012",0,0,0,0,0,0,0,0,0,0.0,0.0,0.0,0.0,0,0,0,0,0,1,13,0,0,0,0,-1
205462960158670848,336231992,414,327,"Thu May 24 03:59:21 EEST 2012",1,0,0,0,0,1,0,0,0,0.0,0.0,0.125,0.0,0,0,0,0,0,8,24,0,0,1,0,1
202600968540524544,517854759,12212,91,"Wed May 16 06:26:49 EEST 2012",0,0,0,0,0,0,0,0,0,0.0,0.0,0.0,0.0,0,0,0,0,0,1,33,0,0,0,0,1
205439384084946945,46916074,870,748,"Thu May 24 02:25:40 EEST 2012",0,0,0,0,0,0,0,0,0,0.0,0.0,0.0,0.0,0,0,1,1,0,3,16,0,0,0,0,0
205942943712940032,429891803,92,83,"Fri May 25 11:46:38 EEST 2012",0,0,0,1,0,1,0,0,0,0.058823529411764705,0.0,0.058823529411764705,0.0,0,1,4,2,1,5,65,0,0,0,0,1
205814107927097346,266134960,320,403,"Fri May 25 03:14:41 EEST 2012",6,0,0,0,0,0,0,0,0,0.0,0.0,0.0,0.0,0,0,0,0,0,2,44,0,0,0,0,0
206816223055454210,26036310,1614,1580,"Sun May 27 21:36:44 EEST 2012",1058,0,0,0,0,0,2,0,0,0.0,0.0,0.0,0.16666666666666666,1,0,0,0,2,5,45,0,0,0,0,-1
204204505531809792,380023268,1427,815,"Sun May 20 16:38:42 EEST 2012",6,0,1,1,2,0,0,0,0,0.0625,0.125,0.0,0.0,0,0,0,0,0,11,50,1,0,0,0,1
205854158992060416,292406592,239,205,"Fri May 25 05:53:50 EEST 2012",0,0,0,0,0,0,0,0,0,0.0,0.0,0.0,0.0,0,1,0,0,0,2,30,0,0,0,0,0
205903949453213697,136702623,779,795,"Fri May 25 09:11:41 EEST 2012",0,0,0,0,0,0,0,0,1,0.0,0.0,0.0,0.0,0,0,1,0,0,1,55,0,0,0,0,-1
205891727024848896,237075310,983,834,"Fri May 25 08:23:07 EEST 2012",0,0,0,0,1,0,0,0,0,0.0,0.25,0.0,0.0,0,0,0,0,0,2,12,0,0,0,0,-1
202527572456771585,200664128,46,77,"Wed May 16 01:35:10 EEST 2012",0,0,0,0,0,0,0,0,0,0.0,0.0,0.0,0.0,0,0,0,0,0,1,51,0,0,0,0,0
204202634658316288,272568935,63,75,"Sun May 20 16:31:16 EEST 2012",0,0,0,0,1,0,0,0,1,0.0,0.043478260869565216,0.0,0.0,0,0,0,0,0,11,82,0,0,0,0,-1
206815044611223552,407968989,348,314,"Sun May 27 21:32:03 EEST 2012",1526,0,0,0,0,0,0,0,0,0.0,0.0,0.0,0.0,1,0,0,0,2,7,49,0,0,0,0,0
205839344353808384,408183499,255,189,"Fri May 25 04:54:58 EEST 2012",1,0,0,0,0,0,0,0,0,0.0,0.0,0.0,0.0,0,0,0,0,0,5,52,0,0,0,0,0
202701883696091136,242025573,707,222,"Wed May 16 13:07:49 EEST 2012",1,0,1,0,0,0,0,0,0,0.0,0.0,0.0,0.0,0,0,0,0,0,5,60,0,0,0,0,0
206477888227258368,416340019,254,213,"Sat May 26 23:12:19 EEST 2012",1,0,0,1,2,0,0,0,0,0.038461538461538464,0.07692307692307693,0.0,0.0,0,1,0,0,0,1,89,0,0,0,0,0
204887967527997441,318124720,523,731,"Tue May 22 13:54:32 EEST 2012",1,0,0,0,0,0,0,0,0,0.0,0.0,0.0,0.0,0,1,0,0,0,0,19,0,0,0,0,0
206012573299130368,116255759,419,136,"Fri May 25 16:23:19 EEST 2012",1,0,0,0,0,0,0,0,0,0.0,0.0,0.0,0.0,1,0,0,0,0,2,68,0,0,0,0,0
205060571547181056,112495484,395,345,"Wed May 23 01:20:24 EEST 2012",0,0,0,0,0,0,1,0,0,0.0,0.0,0.0,0.125,0,1,0,0,0,2,47,0,0,0,0,-1
205348468552777728,443305542,402,338,"Wed May 23 20:24:24 EEST 2012",2,0,0,0,0,0,0,0,0,0.0,0.0,0.0,0.0,0,1,0,0,0,1,34,0,0,0,0,-1
204394821962563584,279394840,595,784,"Mon May 21 05:14:57 EEST 2012",1,0,0,0,0,1,0,0,0,0.0,0.0,0.125,0.0,0,0,0,1,0,3,26,0,0,0,0,0
204027342107054081,481945578,189,71,"Sun May 20 04:54:43 EEST 2012",0,0,1,1,0,0,0,0,0,0.05,0.0,0.0,0.0,0,1,0,0,2,10,86,0,0,0,0,1
205879349923160064,409373639,315,505,"Fri May 25 07:33:56 EEST 2012",0,0,0,0,0,0,0,0,0,0.0,0.0,0.0,0.0,1,0,0,0,0,0,22,0,0,0,0,0
206575772259987456,56971934,845,895,"Sun May 27 05:41:16 EEST 2012",0,0,0,1,1,2,0,0,0,0.045454545454545456,0.045454545454545456,0.09090909090909091,0.0,0,1,5,0,2,6,89,0,0,0,0,1
205848466990174210,18257547,196,528,"Fri May 25 05:31:13 EEST 2012",0,0,0,1,0,0,0,0,0,0.09090909090909091,0.0,0.0,0.0,0,0,0,0,1,7,48,0,0,0,0,0
205049548601704448,82406871,204,558,"Wed May 23 00:36:36 EEST 2012",0,0,0,0,0,0,0,0,0,0.0,0.0,0.0,0.0,0,1,1,0,0,2,41,0,0,0,0,0
206934645063942145,458816043,56,105,"Mon May 28 05:27:18 EEST 2012",0,0,0,0,0,0,0,0,0,0.0,0.0,0.0,0.0,0,0,0,0,0,2,43,0,0,0,0,0
205772770808836096,122754028,89218,2946,"Fri May 25 00:30:26 EEST 2012",29,0,0,1,0,0,0,0,0,0.07142857142857142,0.0,0.0,0.0,0,0,0,0,2,4,61,0,0,0,0,0
202621868899958784,385895851,60,126,"Wed May 16 07:49:52 EEST 2012",0,0,0,1,0,0,0,0,0,0.08333333333333333,0.0,0.0,0.0,0,0,0,0,0,15,49,0,0,0,0,0
204389910474530816,383503911,292,194,"Mon May 21 04:55:26 EEST 2012",1,0,0,0,0,0,0,0,0,0.0,0.0,0.0,0.0,0,0,0,0,0,4,27,0,0,0,0,0
203992806430216194,57232472,907,759,"Sun May 20 02:37:29 EEST 2012",0,0,0,0,0,0,0,0,0,0.0,0.0,0.0,0.0,0,0,1,0,0,4,19,0,0,0,0,0
204191471799238656,360148927,1711,917,"Sun May 20 15:46:55 EEST 2012",25,0,0,0,0,0,0,0,0,0.0,0.0,0.0,0.0,1,0,0,0,1,1,25,0,0,0,0,0
206900618428813313,169162810,513,397,"Mon May 28 03:12:06 EEST 2012",2,0,0,1,0,0,0,0,0,0.07142857142857142,0.0,0.0,0.0,0,0,0,0,0,0,55,0,0,0,0,1
206988021919260673,544671897,608,882,"Mon May 28 08:59:24 EEST 2012",0,0,0,0,0,0,0,0,0,0.0,0.0,0.0,0.0,0,0,0,0,0,0,40,0,0,0,0,0
204427260801986561,105400694,448,818,"Mon May 21 07:23:51 EEST 2012",141,0,0,0,0,0,0,0,0,0.0,0.0,0.0,0.0,0,0,0,0,0,3,66,0,1,0,0,0
204922385659461633,439923344,135,146,"Tue May 22 16:11:18 EEST 2012",0,0,0,0,0,0,1,0,0,0.0,0.0,0.0,0.1,1,0,0,1,1,2,45,0,0,0,0,0
206898293014409216,420108835,172,475,"Mon May 28 03:02:51 EEST 2012",0,0,0,0,0,1,0,0,0,0.0,0.0,0.07692307692307693,0.0,1,1,1,0,1,2,66,0,0,0,0,1
205469578866855936,112284636,773,1874,"Thu May 24 04:25:39 EEST 2012",16,0,1,0,0,0,0,0,0,0.0,0.0,0.0,0.0,0,1,0,0,1,9,94,0,0,0,0,0
204450879594704896,102320110,287,386,"Mon May 21 08:57:42 EEST 2012",1,0,0,0,0,0,0,0,0,0.0,0.0,0.0,0.0,0,0,0,0,1,1,15,0,0,0,0,0
205024269674090497,353119577,103,111,"Tue May 22 22:56:09 EEST 2012",0,0,0,0,0,0,0,0,0,0.0,0.0,0.0,0.0,0,1,0,0,0,1,44,0,0,0,0,0
206942664527069185,417586211,546,477,"Mon May 28 05:59:10 EEST 2012",1,0,0,0,0,0,0,0,0,0.0,0.0,0.0,0.0,0,0,0,0,0,2,39,0,0,1,0,1
206942392157351937,42532981,354,441,"Mon May 28 05:58:05 EEST 2012",0,0,0,0,1,0,0,0,0,0.0,0.25,0.0,0.0,0,0,0,0,0,4,12,0,0,0,0,0
203987299434897409,111307215,179,130,"Sun May 20 02:15:36 EEST 2012",0,0,1,0,0,0,0,0,0,0.0,0.0,0.0,0.0,0,0,0,0,0,12,44,0,0,0,0,0
206592641444491264,339338585,260,511,"Sun May 27 06:48:18 EEST 2012",0,0,0,0,0,0,0,0,0,0.0,0.0,0.0,0.0,0,0,0,0,0,2,11,0,0,1,0,1
204046002695581696,66965817,208,166,"Sun May 20 06:08:52 EEST 2012",1,0,0,1,1,0,1,0,0,0.09090909090909091,0.09090909090909091,0.0,0.09090909090909091,0,0,0,0,0,1,43,0,0,0,0,-1
205114577082523649,418177017,446,530,"Wed May 23 04:55:00 EEST 2012",0,0,0,0,0,0,0,0,0,0.0,0.0,0.0,0.0,0,0,0,1,0,1,20,0,0,0,0,0
202720984501993473,439945613,65,247,"Wed May 16 14:23:43 EEST 2012",0,0,0,1,0,1,0,0,0,0.07692307692307693,0.0,0.07692307692307693,0.0,0,2,7,0,1,2,38,0,0,0,0,1
206928664028389376,459815368,16,156,"Mon May 28 05:03:32 EEST 2012",0,0,0,0,0,0,0,1,0,0.0,0.0,0.0,0.0,0,0,1,0,0,2,23,1,0,0,0,1
206015593579692033,230629288,939,1019,"Fri May 25 16:35:19 EEST 2012",12,0,0,0,0,0,0,0,0,0.0,0.0,0.0,0.0,2,0,0,0,2,10,37,0,0,0,0,0
202521847236009984,381518817,1024,799,"Wed May 16 01:12:25 EEST 2012",0,0,0,0,1,0,0,0,0,0.0,0.16666666666666666,0.0,0.0,0,0,0,0,0,6,22,1,0,0,0,1
203948653050736640,178787896,254,755,"Sat May 19 23:42:02 EEST 2012",0,0,0,0,0,2,0,0,0,0.0,0.0,0.25,0.0,0,0,0,0,0,1,34,0,0,0,0,1
206473947133386754,383971309,98,177,"Sat May 26 22:56:39 EEST 2012",0,0,0,0,1,1,0,0,0,0.0,0.1111111111111111,0.1111111111111111,0.0,0,0,0,0,0,1,44,0,0,0,0,0
205747678213193728,115494377,662,199,"Thu May 24 22:50:43 EEST 2012",0,0,0,0,0,0,0,0,0,0.0,0.0,0.0,0.0,1,0,0,0,1,1,32,0,0,0,0,0
206873487846014976,331160605,1744,1003,"Mon May 28 01:24:17 EEST 2012",2,0,0,0,0,0,0,0,0,0.0,0.0,0.0,0.0,0,0,0,0,0,5,10,0,0,0,0,0
204043179949953024,158835131,314,312,"Sun May 20 05:57:39 EEST 2012",0,0,0,0,0,0,1,0,0,0.0,0.0,0.0,0.14285714285714285,0,0,0,0,1,2,26,0,0,0,0,-1
204447221415030784,240075779,271,206,"Mon May 21 08:43:10 EEST 2012",0,0,0,0,2,0,0,0,0,0.0,0.25,0.0,0.0,1,0,0,0,2,4,34,0,0,0,0,-1
204019163478499329,444300950,563,220,"Sun May 20 04:22:13 EEST 2012",0,0,0,0,0,0,0,0,0,0.0,0.0,0.0,0.0,0,0,0,0,0,1,28,0,0,0,0,0
205327421153624064,183331458,467,417,"Wed May 23 19:00:46 EEST 2012",0,0,0,1,0,0,0,0,0,0.05263157894736842,0.0,0.0,0.0,2,1,0,0,3,4,59,0,0,0,0,0
204040604605358080,422816335,362,465,"Sun May 20 05:47:25 EEST 2012",0,0,1,0,0,1,0,0,0,0.0,0.0,0.041666666666666664,0.0,0,0,1,0,0,10,93,0,0,1,0,1
202585277506658304,46880386,221,174,"Wed May 16 05:24:28 EEST 2012",1,0,0,0,0,0,1,0,0,0.0,0.0,0.0,0.2,0,0,0,0,0,0,21,0,1,0,0,-1
205803529531691009,233088970,283,253,"Fri May 25 02:32:39 EEST 2012",0,0,0,3,0,0,0,0,0,0.16666666666666666,0.0,0.0,0.0,0,4,1,0,0,4,68,1,0,0,0,1
205069148525568000,262611506,132,150,"Wed May 23 01:54:29 EEST 2012",0,0,1,0,0,1,0,0,0,0.0,0.0,0.1111111111111111,0.0,0,0,0,0,0,7,41,0,0,0,0,1
204036028846182400,241772136,506,578,"Sun May 20 05:29:14 EEST 2012",0,0,0,0,0,0,0,0,0,0.0,0.0,0.0,0.0,1,0,0,0,1,2,18,0,0,0,0,-1
206954381931843585,23024587,37482,23482,"Mon May 28 06:45:44 EEST 2012",11,0,0,0,0,0,0,0,1,0.0,0.0,0.0,0.0,0,0,0,0,1,2,29,0,0,0,0,-1
202573252575494145,268428736,344,320,"Wed May 16 04:36:41 EEST 2012",1,0,0,0,0,0,0,1,0,0.0,0.0,0.0,0.0,0,0,1,0,1,1,43,0,0,1,0,1
203948568929775617,35296664,58,120,"Sat May 19 23:41:42 EEST 2012",0,0,0,0,0,0,0,0,0,0.0,0.0,0.0,0.0,0,0,0,0,2,2,26,0,0,0,0,0
203914816614694913,226794687,74014,14166,"Sat May 19 21:27:35 EEST 2012",22,0,0,1,0,0,0,0,0,0.08333333333333333,0.0,0.0,0.0,0,0,1,1,1,10,41,1,0,0,0,1
202631435981570048,256694375,126,632,"Wed May 16 08:27:53 EEST 2012",0,0,1,0,0,0,0,0,0,0.0,0.0,0.0,0.0,0,1,0,0,0,45,37,0,0,0,0,0
204372638515216384,229621605,1093,688,"Mon May 21 03:46:48 EEST 2012",0,0,0,0,0,0,0,0,0,0.0,0.0,0.0,0.0,0,0,0,0,0,0,4,0,0,0,0,0
204293806324068352,303589492,61,272,"Sun May 20 22:33:33 EEST 2012",0,0,0,0,0,0,0,0,0,0.0,0.0,0.0,0.0,0,0,0,0,0,1,41,0,0,0,0,0
207021081284968448,113699455,17,69,"Mon May 28 11:10:46 EEST 2012",0,0,0,0,0,1,0,0,0,0.0,0.0,0.2,0.0,0,0,0,0,0,2,18,1,0,0,0,1
205116170918035456,57512835,151,289,"Wed May 23 05:01:20 EEST 2012",0,0,1,0,0,0,0,0,0,0.0,0.0,0.0,0.0,0,0,0,0,0,4,13,0,0,0,0,0
204400614577418241,453586036,848,683,"Mon May 21 05:37:58 EEST 2012",0,0,0,0,0,0,0,0,0,0.0,0.0,0.0,0.0,0,1,0,0,0,4,22,0,0,0,0,0
202534388024623105,64575013,2072,1358,"Wed May 16 02:02:15 EEST 2012",0,0,0,0,0,1,0,0,0,0.0,0.0,0.16666666666666666,0.0,0,0,1,0,0,2,16,0,0,0,0,1
204889468967198721,570259058,63,105,"Tue May 22 14:00:30 EEST 2012",0,0,1,0,0,0,0,0,0,0.0,0.0,0.0,0.0,0,0,1,0,1,6,77,0,0,0,0,0
205814510051799040,66593082,138,219,"Fri May 25 03:16:17 EEST 2012",98,0,0,0,0,0,0,0,0,0.0,0.0,0.0,0.0,0,0,0,0,0,5,30,0,0,0,0,0
202588993907474433,337884293,157,173,"Wed May 16 05:39:14 EEST 2012",0,0,0,0,1,0,0,0,0,0.0,0.1111111111111111,0.0,0.0,0,0,0,0,0,0,45,0,0,0,0,-1
206491240227799042,279380842,150,193,"Sun May 27 00:05:22 EEST 2012",0,0,0,0,0,0,0,0,0,0.0,0.0,0.0,0.0,0,0,0,0,0,15,10,0,0,0,0,-1
206649964993056769,232119321,264,206,"Sun May 27 10:36:05 EEST 2012",0,0,0,0,0,0,0,0,0,0.0,0.0,0.0,0.0,0,3,0,0,0,3,31,0,0,0,0,1
205480974975369217,57809912,67,87,"Thu May 24 05:10:56 EEST 2012",0,0,0,3,0,0,0,0,0,0.15,0.0,0.0,0.0,0,0,0,0,1,2,68,0,0,0,0,0
202698846965473280,548112479,228,307,"Wed May 16 12:55:45 EEST 2012",0,0,1,0,0,0,0,0,0,0.0,0.0,0.0,0.0,0,2,7,2,0,10,19,0,1,0,0,-1
205866368606810114,182558301,237,657,"Fri May 25 06:42:21 EEST 2012",0,0,0,0,0,0,0,0,0,0.0,0.0,0.0,0.0,1,0,0,0,1,1,20,0,0,0,0,0
204412714934743041,347331149,382,311,"Mon May 21 06:26:03 EEST 2012",0,0,1,0,0,0,0,0,0,0.0,0.0,0.0,0.0,0,0,0,0,0,5,18,1,0,0,0,1
202568609359339520,184754669,181,297,"Wed May 16 04:18:14 EEST 2012",0,0,0,0,1,0,0,0,0,0.0,0.05555555555555555,0.0,0.0,1,0,2,0,0,2,87,0,0,0,0,-1
202550912357642240,153804732,447,203,"Wed May 16 03:07:55 EEST 2012",1,0,0,0,0,0,0,0,0,0.0,0.0,0.0,0.0,0,0,0,0,0,0,7,0,0,0,0,0
205421625351483395,239931799,173,664,"Thu May 24 01:15:06 EEST 2012",0,0,0,1,0,0,0,0,0,0.047619047619047616,0.0,0.0,0.0,0,0,0,0,0,5,75,0,0,0,0,0
205111452539949057,317197828,759,534,"Wed May 23 04:42:35 EEST 2012",0,0,0,1,0,0,0,0,0,0.06666666666666667,0.0,0.0,0.0,1,0,1,0,0,22,45,0,0,0,0,0
205469664296439810,263024099,305,322,"Thu May 24 04:26:00 EEST 2012",1,0,0,0,0,0,0,0,0,0.0,0.0,0.0,0.0,0,0,0,0,0,1,8,0,0,0,0,0
206515281894440960,399549185,160,152,"Sun May 27 01:40:54 EEST 2012",0,0,0,1,1,0,1,0,0,0.1111111111111111,0.1111111111111111,0.0,0.1111111111111111,0,0,0,0,0,9,23,0,0,0,0,-1
205781446198181888,104605852,3081,2038,"Fri May 25 01:04:54 EEST 2012",22,0,0,1,0,1,0,0,0,0.08333333333333333,0.0,0.08333333333333333,0.0,0,1,0,0,0,5,55,0,0,0,0,1
203915538890633216,43635444,47894,45455,"Sat May 19 21:30:27 EEST 2012",9,0,0,2,0,0,1,0,0,0.09523809523809523,0.0,0.0,0.047619047619047616,1,0,0,0,1,4,65,0,0,0,0,0
203963501218234368,216299334,2974174,535,"Sun May 20 00:41:02 EEST 2012",2871,0,0,0,0,0,0,1,0,0.0,0.0,0.0,0.0,0,1,0,0,0,6,40,0,0,0,0,1
203980374559297536,243799343,219,169,"Sun May 20 01:48:05 EEST 2012",3,0,0,0,0,0,1,0,0,0.0,0.0,0.0,0.16666666666666666,0,0,0,0,0,1,37,0,0,0,0,-1
207049783045668864,78184695,1352,531,"Mon May 28 13:04:49 EEST 2012",1,0,0,0,0,0,0,0,0,0.0,0.0,0.0,0.0,0,0,0,0,0,22,3,0,0,0,0,0
206494305957851137,72311177,1413,1513,"Sun May 27 00:17:33 EEST 2012",0,0,0,2,0,0,0,0,0,0.1111111111111111,0.0,0.0,0.0,0,0,1,0,0,2,64,0,0,0,0,1
206841917613420544,27966926,549,357,"Sun May 27 23:18:50 EEST 2012",8601,0,0,0,0,0,0,0,0,0.0,0.0,0.0,0.0,0,0,0,0,0,7,37,0,0,0,0,0
202499709397508097,90420314,4839238,59,"Tue May 15 23:44:27 EEST 2012",1318,0,1,2,0,2,0,0,0,0.1,0.0,0.1,0.0,0,0,2,0,2,12,89,0,0,0,0,1
204922138761760771,30689667,137684,83684,"Tue May 22 16:10:19 EEST 2012",14,0,0,0,0,0,0,0,0,0.0,0.0,0.0,0.0,0,0,0,1,0,1,32,0,0,0,0,0
203918525365092353,85656926,142,289,"Sat May 19 21:42:19 EEST 2012",0,0,1,0,0,0,0,0,0,0.0,0.0,0.0,0.0,0,0,0,0,1,9,42,0,0,0,0,0
202585369793921024,489124261,392,286,"Wed May 16 05:24:50 EEST 2012",0,0,0,0,0,0,0,0,0,0.0,0.0,0.0,0.0,0,0,1,0,0,4,15,0,0,0,0,0
205476984552292355,14670341,2352,1101,"Thu May 24 04:55:05 EEST 2012",2,0,0,2,0,0,0,0,0,0.18181818181818182,0.0,0.0,0.0,0,0,0,0,0,5,49,0,0,0,0,0
203928922881130497,261827965,107,744,"Sat May 19 22:23:38 EEST 2012",667,0,0,1,0,0,0,0,0,0.14285714285714285,0.0,0.0,0.0,0,0,1,0,0,6,24,0,0,0,0,0
202565161595305984,478252805,188,87,"Wed May 16 04:04:34 EEST 2012",0,0,1,0,0,0,0,1,0,0.0,0.0,0.0,0.0,0,0,2,0,1,2,36,0,0,0,0,1
205554887013044224,549357821,1945,429,"Thu May 24 10:04:38 EEST 2012",0,0,0,0,0,0,0,0,0,0.0,0.0,0.0,0.0,0,0,0,0,0,2,16,0,1,0,0,-1
205038170180550657,554007607,732,618,"Tue May 22 23:51:23 EEST 2012",2,0,0,1,1,0,0,0,1,0.043478260869565216,0.043478260869565216,0.0,0.0,0,0,0,0,1,23,71,0,0,0,0,-1
204339186457788417,258885469,31055,652,"Mon May 21 01:33:53 EEST 2012",136,0,0,0,0,0,0,0,0,0.0,0.0,0.0,0.0,0,0,0,0,2,16,90,0,0,0,0,0
205097133043482624,269355316,494,417,"Wed May 23 03:45:41 EEST 2012",0,0,0,1,0,0,0,0,0,0.1,0.0,0.0,0.0,1,0,0,0,1,1,37,0,0,0,0,0
206446746992263169,250326581,6178,550,"Sat May 26 21:08:34 EEST 2012",2,0,1,0,0,0,0,0,0,0.0,0.0,0.0,0.0,1,1,0,0,0,8,95,0,0,0,0,0
202700272823308288,102335402,739,224,"Wed May 16 13:01:25 EEST 2012",0,0,0,1,0,0,0,1,0,0.058823529411764705,0.0,0.0,0.0,0,0,3,0,0,2,66,0,0,0,0,1
204178366637686786,392169185,0,4,"Sun May 20 14:54:50 EEST 2012",0,0,0,1,0,0,0,0,0,1.0,0.0,0.0,0.0,0,0,0,0,0,0,5,0,0,0,0,0
204916765380190208,568001399,489,1184,"Tue May 22 15:48:58 EEST 2012",0,0,1,1,0,0,0,0,0,0.043478260869565216,0.0,0.0,0.0,0,0,0,0,0,5,104,0,0,0,0,0
204253285350256640,500935988,577,740,"Sun May 20 19:52:32 EEST 2012",1,0,0,0,0,0,1,0,0,0.0,0.0,0.0,0.5,0,0,0,0,0,1,15,0,0,0,0,-1
207040618239762432,187327173,892,810,"Mon May 28 12:28:24 EEST 2012",0,0,0,1,0,0,0,0,0,1.0,0.0,0.0,0.0,0,0,1,0,0,1,2,0,0,0,0,1
206887949923655682,297138252,556,402,"Mon May 28 02:21:45 EEST 2012",0,0,0,1,0,0,0,0,0,0.08333333333333333,0.0,0.0,0.0,0,7,0,0,4,32,35,0,0,0,0,1
204024751700721664,296052778,912,569,"Sun May 20 04:44:26 EEST 2012",2,0,0,0,0,0,1,0,0,0.0,0.0,0.0,0.1,0,0,0,0,0,1,42,0,0,0,0,-1
204259761447911424,224826880,188,179,"Sun May 20 20:18:16 EEST 2012",1,0,0,0,0,0,1,0,0,0.0,0.0,0.0,0.2,0,0,0,0,0,3,16,0,0,0,0,-1
204959195009794048,109505337,384,204,"Tue May 22 18:37:34 EEST 2012",0,0,0,1,0,0,0,0,0,0.16666666666666666,0.0,0.0,0.0,0,0,0,0,0,1,31,0,0,1,0,1
203942114051096576,102043576,154,465,"Sat May 19 23:16:03 EEST 2012",1,0,0,1,0,0,0,0,0,0.25,0.0,0.0,0.0,0,0,0,0,0,0,24,0,0,1,0,1
205035115905159171,95240650,43,48,"Tue May 22 23:39:15 EEST 2012",0,0,0,1,0,0,0,0,0,0.1,0.0,0.0,0.0,0,0,0,0,0,5,38,0,0,0,0,0
205383371638050818,325413040,3480,2806,"Wed May 23 22:43:06 EEST 2012",49,0,0,0,0,0,0,0,0,0.0,0.0,0.0,0.0,0,0,0,0,0,1,39,0,0,1,0,0
205389895538180097,481358244,101,239,"Wed May 23 23:09:01 EEST 2012",0,0,0,1,0,0,0,0,0,0.16666666666666666,0.0,0.0,0.0,0,0,0,0,0,0,18,0,0,1,0,1
204415749077467136,494583213,54873,483,"Mon May 21 06:38:07 EEST 2012",325,0,0,0,0,2,0,0,0,0.0,0.0,0.09523809523809523,0.0,0,0,0,0,0,6,98,0,0,0,0,0
205503083193712640,255713490,216,655,"Thu May 24 06:38:47 EEST 2012",0,0,1,2,0,0,0,0,0,0.2222222222222222,0.0,0.0,0.0,0,0,2,0,0,8,31,0,0,0,0,1
206951237638303745,246581588,191,169,"Mon May 28 06:33:14 EEST 2012",1,0,0,1,0,0,0,1,0,0.05555555555555555,0.0,0.0,0.0,1,0,0,0,2,2,67,0,0,0,0,1
205831371107733505,364517994,126,360,"Fri May 25 04:23:17 EEST 2012",0,0,0,2,0,0,0,0,0,0.09523809523809523,0.0,0.0,0.0,0,0,1,0,0,3,81,1,0,0,0,1
206779632039624704,42916779,2618,239,"Sun May 27 19:11:20 EEST 2012",0,0,0,0,1,0,0,0,1,0.0,0.1,0.0,0.0,1,0,0,0,1,1,33,0,0,0,1,-1
205766382091112448,29537319,594310,53,"Fri May 25 00:05:03 EEST 2012",458,0,0,0,0,0,0,0,0,0.0,0.0,0.0,0.0,0,0,0,0,1,1,54,0,0,0,0,0
204334965004054529,380178751,24,107,"Mon May 21 01:17:06 EEST 2012",0,0,0,0,1,0,0,0,0,0.0,0.058823529411764705,0.0,0.0,0,2,3,0,0,24,45,0,0,0,0,-1
204378187306766338,230978706,2023,976,"Mon May 21 04:08:51 EEST 2012",1,0,0,1,0,0,0,0,0,0.16666666666666666,0.0,0.0,0.0,0,0,0,0,0,4,31,1,0,0,0,1
205492482287472640,169211965,633,829,"Thu May 24 05:56:40 EEST 2012",1,0,0,0,0,0,1,0,1,0.0,0.0,0.0,0.05263157894736842,1,0,0,0,0,2,76,0,0,0,0,-1
206644129172701184,329953296,504,176,"Sun May 27 10:12:54 EEST 2012",2,0,0,0,0,1,0,0,0,0.0,0.0,0.16666666666666666,0.0,0,1,0,0,0,1,25,0,0,1,0,1